0.72008
-0.27029
-0.64172
-0.25968
-0.28113
0.16403
-0.40222
0.40922
0.02484
-0.57284
0.62053
-0.40038
-0.09217
-0.36960
0.97765
-0.24469
-0.20918
-0.19376
-0.48280
-0.43436
-0.28707
-0.34851
-0.03378
-0.56236
-0.84744
-0.35792
-0.49166
-0.85794
-0.11391
-0.32864
-0.14493
-0.30437
0.43392
-0.36915
-0.54838
0.37036
-0.12511
-0.53414
-0.06910
-0.08457
0.69410
-0.71750
-0.50342
-0.42355
-0.15836
1.00000
-0.13629
-0.72436
-0.72113
0.70292
-0.43182
-0.49386
0.03710
-0.29507
0.97765
1.00000
-0.25104
-0.57835
-0.78262
0.97765
-0.29462
-0.55673
-0.21921
0.08250
0.97765
0.97765
-0.45156
-0.95588
-0.45476
0.10559
-0.57523
-0.49136
0.13018
-0.39360
-0.55310
-0.71005
-0.66247
-0.96790
0.50732
-0.01696
-0.59500
-0.57866
0.29784
-0.33239
-0.76820
0.13361
0.19609
0.74411
0.85247
-0.70482
0.51748
0.56857
-0.17514
-0.52234
-0.76253
0.85108
-0.34518
-0.74976
-0.05223
0.36832
0.87776
0.79269
-0.66343
0.68871
0.97765
-0.53459
-0.82493
-0.69400
-0.81675
0.08583
-0.59608
-0.77710
-0.41565
-0.60334
-0.43051
-0.54303
-1.00000
-0.49677
-0.21792
-0.50719
-0.20625
-0.33109
-0.02171
-0.03443
0.47182
-0.34194
-0.30794
0.02330
-0.02873
-0.43115
-0.34118
-0.62154
-0.33441
-0.26722
-0.56169
-0.10439
0.08004
-0.23446
-0.31412
-0.21979
-0.17514
-0.03212
0.04786
-0.13835
-0.09281
-0.02432
0.01057
-0.54786
-0.09307
-0.15505
-0.47021
-0.09587
0.16054
0.39663
-0.29973
-0.37310
-0.73946
0.10047
-0.55603
-0.45995
0.03861
-0.01218
0.81944
0.97765
-0.39795
0.11672
0.66996
0.01161
-0.32055
-0.43765
0.07486
0.11183
0.14087
-0.27460
-0.78187
0.86535
-0.20566
-0.31565
0.14910
0.26084
0.89623
0.69317
-0.18036
0.63500
0.61528
0.05892
-0.29943
-0.22370
0.21218
0.54587
0.91795
-0.16960
-0.59115
-0.73631
0.95044
-0.27501
-0.38175
-0.11307
0.15548
0.97765
0.97765
-0.61803
0.62808
0.78365
-0.32755
-0.24936
0.18128
0.51734
0.61731
0.97765
0.01971
-0.00265
0.62133
-0.00416
0.63629
0.58397
-0.06961
1.00000
0.27845
0.22901
0.28627
0.45705
0.16908
0.52074
0.63835
-0.12221
0.43106
0.38810
0.30599
0.65605
0.32206
-0.08538
0.97413
0.27099
0.19971
-0.14670
0.59396
0.38492
-0.04455
0.31941
0.09760
0.24860
-0.08260
0.11363
0.09418
-0.07866
-0.16184
0.32466
0.12760
0.61427
-0.03990
0.57454
0.39851
0.28506
0.76384
0.21363
0.07138
0.24435
0.26583
0.90614
0.10601
0.22422
0.16505
0.37434
1.00000
0.26278
-0.04424
0.18526
0.24256
0.25002
0.02398
0.13249
0.17486
-0.00163
0.38170
0.36602
0.07795
0.46701
0.44123
0.83757
0.29810
0.44387
1.00000
0.27080
0.63247
0.20014
0.06835
0.41892
0.05856
0.13845
-0.09956
-0.01554
-0.51820
-0.07137
0.22423
0.05113
-0.11858
0.73786
0.27221
0.05839
-1.00000
0.30876
-0.11221
0.10395
0.00320
0.76621
-0.07603
-0.07425
0.32009
-0.11165
0.34815
0.25339
-0.26430
0.30385
0.52044
-0.00099
0.43081
0.56738
0.47514
0.02427
0.46469
0.47513
0.36564
0.52936
0.26721
0.11224
0.54741
0.12774
0.25628
0.33271
0.03733
0.31717
0.30513
0.08583
0.15151
0.33040
0.17862
0.14266
0.13439
0.30641
0.29302
0.33327
-0.03057
0.13243
0.51953
0.22964
0.02963
0.35008
0.29989
0.17689
-0.10703
0.36691
0.14485
0.18392
0.41306
0.24452
0.25816
0.46730
0.22068
0.15776
0.07210
0.18616
0.37492
-0.08093
-0.05277
-0.30401
-0.13552
1.00000
-0.26826
-0.29366
0.12688
-0.29164
0.36712
0.75510
-0.62141
-0.85004
0.53726
-0.56020
0.04839
-0.12819
-1.00000
0.13976
-0.46995
-0.44610
-0.42531
0.42311
-0.69100
-0.47184
0.00108
-0.28368
0.36880
0.31774
-0.57989
-0.13545
-0.10814
-0.34442
-0.08735
-0.36672
-0.94841
-0.44608
0.25316
0.11317
-0.00081
0.17517
0.00167
-0.02081
0.14413
0.19745
0.03383
0.77012
0.42603
0.03403
0.62437
0.19980
0.20677
0.10424
0.19480
1.00000
0.37531
0.86844
