0.72008
-0.27029
-0.64172
-0.25968
-0.28113
0.16403
-0.40222
0.40922
0.02484
-0.57284
0.62053
-0.40038
-0.09217
-0.36960
0.97765
-0.24469
-0.20918
-0.19376
-0.48280
-0.43436
-0.28707
-0.34851
-0.03378
-0.56236
-0.84744
-0.35792
-0.49166
-0.85794
-0.11391
-0.32864
-0.14493
-0.30437
0.43392
-0.36915
-0.54838
0.37036
-0.12511
-0.53414
-0.06910
-0.08457
0.69410
-0.71750
-0.50342
-0.42355
-0.15836
1.00000
-0.13629
-0.72436
-0.72113
0.70292
-0.43182
-0.49386
0.03710
-0.29507
0.97765
1.00000
-0.25104
-0.57835
-0.78262
0.97765
-0.29462
-0.55673
-0.21921
0.08250
0.97765
0.97765
-0.45156
-0.95588
-0.45476
0.10559
-0.57523
-0.49136
0.13018
-0.39360
-0.55310
-0.71005
-0.66247
-0.96790
0.50732
-0.01696
-0.59500
-0.57866
0.29784
-0.33239
-0.76820
0.13361
0.19609
0.74411
0.85247
-0.70482
0.51748
0.56857
-0.17514
-0.52234
-0.76253
0.85108
-0.34518
-0.74976
-0.05223
0.36832
0.87776
0.79269
-0.66343
0.68871
0.97765
-0.53459
-0.82493
-0.69400
-0.81675
0.08583
-0.59608
-0.77710
-0.41565
-0.60334
-0.43051
-0.54303
-1.00000
-0.49677
-0.21792
-0.50719
-0.20625
-0.33109
-0.02171
-0.03443
0.47182
-0.34194
-0.30794
0.02330
-0.02873
-0.43115
-0.34118
-0.62154
-0.33441
-0.26722
-0.56169
-0.10439
0.08004
-0.23446
-0.31412
-0.21979
-0.17514
-0.03212
0.04786
-0.13835
-0.09281
-0.02432
0.01057
-0.54786
-0.09307
-0.15505
-0.47021
-0.09587
0.16054
0.39663
-0.29973
-0.37310
-0.73946
0.10047
-0.55603
-0.45995
0.03861
-0.01218
0.81944
0.97765
-0.39795
0.11672
0.66996
0.01161
-0.32055
-0.43765
0.07486
0.11183
0.14087
-0.27460
-0.78187
0.86535
-0.20566
-0.31565
0.14910
0.26084
0.89623
0.69317
-0.18036
0.63500
0.61528
0.05892
-0.29943
-0.22370
0.21218
0.54587
0.91795
-0.16960
-0.59115
-0.73631
0.95044
-0.27501
-0.38175
-0.11307
0.15548
0.97765
0.97765
-0.61803
0.62808
0.78365
-0.32755
-0.24936
0.18128
0.51734
0.61731
0.97765
0.09168
0.04172
-0.04869
0.00931
-0.05079
-0.03299
0.00036
0.02325
-0.00743
0.00461
0.26783
0.42805
0.16216
-0.23788
0.38611
-0.02057
-0.03706
-0.02015
-0.03122
0.16404
0.03029
0.02101
-0.03115
-0.03036
-0.04083
0.15268
-0.03565
-0.04226
0.04674
-0.00622
0.00794
-0.02210
0.38917
0.01126
-0.01285
0.08672
0.02595
-0.05640
0.00489
0.00500
0.02643
0.03821
-0.04891
-0.02869
0.11260
0.12023
-0.03572
-0.22039
-0.18409
0.32574
-0.09131
-0.10557
-0.05236
-0.00369
1.00000
0.09570
-0.07229
-0.13181
-0.19722
0.31063
-0.13304
-0.25627
-0.05367
-0.00163
1.00000
1.00000
0.02313
-0.08426
-0.05056
-0.02541
-0.01157
-0.06926
-0.03084
-0.03122
-0.10221
-0.09048
-0.07158
-0.05650
0.15822
-0.16340
-0.09872
-0.18331
0.73057
-0.12827
-0.23276
0.21474
0.08697
0.72131
0.74094
-0.14329
0.32095
0.31208
-0.13308
-0.11238
-0.19372
0.88146
0.04265
-0.15693
-0.08094
0.38729
0.93015
0.69849
-0.16603
0.71604
1.00000
-0.00205
0.01419
-0.00625
-0.02007
0.39347
0.01203
-0.02257
0.06179
0.03257
-0.18864
-0.15156
-0.02564
0.01398
-0.20807
-0.00838
-0.00069
0.01089
0.00007
-0.00400
0.52128
-0.01623
-0.01138
0.03004
0.05070
0.01804
-0.13211
-0.03336
0.07114
0.00999
-0.00118
0.02469
0.05192
-0.01449
-0.02141
-0.00634
0.33504
-0.03444
-0.00866
0.01617
0.02200
0.10788
0.12924
-0.03250
0.05906
0.12129
-0.01429
-0.01105
-0.01447
0.08883
-0.20227
0.08050
-0.12595
0.58496
-0.05508
0.00273
-0.03213
0.48095
0.34258
0.38452
-0.20581
0.50299
0.65582
0.47054
0.10647
0.12667
0.42645
0.18832
0.14620
0.13627
0.04922
0.51531
-0.09834
-0.04156
0.07927
0.34534
0.22988
0.34923
-0.28954
0.27452
0.27499
-0.07460
-0.03315
-0.05899
0.15157
0.21090
0.32605
0.01291
-0.10581
-0.14811
0.62084
0.09008
-0.12008
0.05467
0.02981
0.68971
0.63974
-0.13343
0.40293
0.82719
-0.10190
-0.00259
-0.10044
0.43719
0.59308
0.73327
