CONT	0	2	-1.968	1.460	-2.310
CONT_BURIAL	0	2	3.583	3.557	0.112
CONT_BOTH	0	2	1.615	5.016	-2.579
CONT	0	35	2.592	2.649	-0.031
CONT_BURIAL	0	35	3.597	3.549	0.212
CONT_BOTH	0	35	6.189	6.198	-0.004
CONT	0	36	3.476	0.861	0.647
CONT_BURIAL	0	36	3.489	3.480	0.046
CONT_BOTH	0	36	6.966	4.340	0.627
CONT	0	37	-0.051	1.011	-0.860
CONT_BURIAL	0	37	3.583	3.553	0.132
CONT_BOTH	0	37	3.532	4.563	-0.803
CONT	0	38	1.696	1.719	-0.013
CONT_BURIAL	0	38	2.870	3.165	-1.404
CONT_BOTH	0	38	4.567	4.883	-0.185
CONT	0	39	-1.601	0.006	-1.513
CONT_BURIAL	0	39	2.575	2.670	-0.519
CONT_BOTH	0	39	0.975	2.676	-1.527
CONT	0	91	-0.718	1.960	-1.757
CONT_BURIAL	0	91	3.263	3.558	-1.303
CONT_BOTH	0	91	2.544	5.518	-1.842
CONT	1	3	-0.107	0.299	-0.189
CONT_BURIAL	1	3	2.672	2.609	0.693
CONT_BOTH	1	3	2.564	2.909	-0.158
CONT	1	35	4.172	3.118	0.710
CONT_BURIAL	1	35	2.922	2.668	1.365
CONT_BOTH	1	35	7.094	5.786	0.885
CONT	2	4	6.003	3.263	1.007
CONT_BURIAL	2	4	3.507	3.571	-0.301
CONT_BOTH	2	4	9.510	6.834	1.054
CONT	2	34	6.876	2.621	0.822
CONT_BURIAL	2	34	3.824	3.453	1.762
CONT_BOTH	2	34	10.700	6.074	0.879
CONT	2	35	2.386	3.543	-0.470
CONT_BURIAL	2	35	3.918	3.568	1.447
CONT_BOTH	2	35	6.304	7.110	-0.347
CONT	2	36	5.180	1.535	0.778
CONT_BURIAL	2	36	3.809	3.458	1.683
CONT_BOTH	2	36	8.989	4.994	0.838
CONT	2	37	0.508	2.402	-0.882
CONT_BURIAL	2	37	3.903	3.564	1.431
CONT_BOTH	2	37	4.412	5.966	-0.785
CONT	2	38	2.481	2.700	-0.095
CONT_BURIAL	2	38	3.191	3.173	0.087
CONT_BOTH	2	38	5.671	5.873	-0.095
CONT	2	39	-1.151	0.839	-1.102
CONT_BURIAL	2	39	2.896	2.663	1.299
CONT_BOTH	2	39	1.745	3.502	-1.054
CONT	2	91	-1.141	2.631	-2.091
CONT_BURIAL	2	91	3.583	3.579	0.018
CONT_BOTH	2	91	2.442	6.210	-2.200
CONT	3	5	-0.245	-0.020	-0.113
CONT_BURIAL	3	5	3.334	3.494	-0.943
CONT_BOTH	3	5	3.089	3.474	-0.197
CONT	3	33	1.650	2.719	-0.419
CONT_BURIAL	3	33	3.564	3.514	0.318
CONT_BOTH	3	33	5.215	6.233	-0.405
CONT	3	34	7.116	1.648	1.065
CONT_BURIAL	3	34	3.588	3.420	1.159
CONT_BOTH	3	34	10.703	5.068	1.068
CONT	3	35	4.199	3.090	0.385
CONT_BURIAL	3	35	3.681	3.500	1.120
CONT_BOTH	3	35	7.880	6.589	0.443
CONT	3	36	4.967	0.556	0.961
CONT_BURIAL	3	36	3.573	3.418	1.072
CONT_BOTH	3	36	8.540	3.973	0.966
CONT	3	38	2.733	1.288	0.572
CONT_BURIAL	3	38	2.954	3.120	-1.240
CONT_BOTH	3	38	5.687	4.408	0.519
CONT	3	92	0.080	1.543	-0.610
CONT_BURIAL	3	92	3.649	3.504	0.860
CONT_BOTH	3	92	3.729	5.047	-0.557
CONT	3	94	2.486	3.171	-0.248
CONT_BURIAL	3	94	3.681	3.477	1.227
CONT_BOTH	3	94	6.167	6.648	-0.176
CONT	4	6	13.484	3.743	2.057
CONT_BURIAL	4	6	3.427	3.477	-0.235
CONT_BOTH	4	6	16.911	7.220	2.023
CONT	4	32	16.919	5.546	1.753
CONT_BURIAL	4	32	3.413	3.478	-0.317
CONT_BOTH	4	32	20.332	9.024	1.725
CONT	4	33	9.344	4.874	1.624
CONT_BURIAL	4	33	3.404	3.581	-0.766
CONT_BOTH	4	33	12.748	8.455	1.659
CONT	4	34	14.842	3.900	2.112
CONT_BURIAL	4	34	3.427	3.452	-0.117
CONT_BOTH	4	34	18.269	7.352	2.090
CONT	4	35	11.241	5.309	1.827
CONT_BURIAL	4	35	3.521	3.570	-0.222
CONT_BOTH	4	35	14.762	8.880	1.867
CONT	4	36	11.668	3.005	2.080
CONT_BURIAL	4	36	3.413	3.470	-0.270
CONT_BOTH	4	36	15.081	6.475	2.045
CONT	4	38	10.198	4.322	2.069
CONT_BURIAL	4	38	2.794	3.163	-1.785
CONT_BOTH	4	38	12.992	7.485	2.070
CONT	4	50	9.165	5.424	1.264
CONT_BURIAL	4	50	3.162	3.335	-0.801
CONT_BOTH	4	50	12.327	8.759	1.281
CONT	4	51	13.514	3.949	2.107
CONT_BURIAL	4	51	3.275	3.286	-0.046
CONT_BOTH	4	51	16.789	7.235	2.066
CONT	4	52	6.874	3.287	1.166
CONT_BURIAL	4	52	2.476	2.670	-1.052
CONT_BOTH	4	52	9.350	5.957	1.169
CONT	4	53	9.700	4.696	1.282
CONT_BURIAL	4	53	3.224	3.556	-1.397
CONT_BOTH	4	53	12.924	8.251	1.270
CONT	4	56	14.549	3.421	2.208
CONT_BURIAL	4	56	3.104	3.588	-2.240
CONT_BOTH	4	56	17.654	7.009	2.196
CONT	4	89	10.585	5.083	1.641
CONT_BURIAL	4	89	3.430	3.553	-0.533
CONT_BOTH	4	89	14.015	8.636	1.706
CONT	4	90	10.527	2.534	2.186
CONT_BURIAL	4	90	3.414	3.475	-0.292
CONT_BOTH	4	90	13.940	6.009	2.161
CONT	5	7	0.859	1.121	-0.167
CONT_BURIAL	5	7	3.585	3.550	0.145
CONT_BOTH	5	7	4.444	4.671	-0.164
CONT	5	31	0.709	1.167	-0.276
CONT_BURIAL	5	31	3.571	3.563	0.035
CONT_BOTH	5	31	4.280	4.729	-0.297
CONT	5	32	9.752	2.272	1.234
CONT_BURIAL	5	32	3.477	3.466	0.051
CONT_BOTH	5	32	13.228	5.738	1.215
CONT	5	33	2.661	2.797	-0.084
CONT_BURIAL	5	33	3.468	3.558	-0.408
CONT_BOTH	5	33	6.129	6.355	-0.149
CONT	5	34	7.135	1.305	1.317
CONT_BURIAL	5	34	3.491	3.478	0.064
CONT_BOTH	5	34	10.626	4.783	1.291
CONT	5	53	3.171	2.400	0.240
CONT_BURIAL	5	53	3.287	3.558	-1.115
CONT_BOTH	5	53	6.458	5.957	0.166
CONT	5	94	3.425	2.994	0.229
CONT_BURIAL	5	94	3.585	3.559	0.112
CONT_BOTH	5	94	7.010	6.553	0.261
CONT	6	8	6.778	1.233	1.271
CONT_BURIAL	6	8	3.746	3.475	1.258
CONT_BOTH	6	8	10.524	4.707	1.293
CONT	6	9	8.907	3.163	1.280
CONT_BURIAL	6	9	3.504	3.445	0.273
CONT_BOTH	6	9	12.410	6.607	1.274
CONT	6	30	15.832	4.334	1.694
CONT_BURIAL	6	30	3.730	3.405	1.691
CONT_BOTH	6	30	19.562	7.739	1.696
CONT	6	31	8.026	2.948	1.096
CONT_BURIAL	6	31	3.824	3.482	1.541
CONT_BOTH	6	31	11.850	6.430	1.139
CONT	6	32	16.822	3.198	1.942
CONT_BURIAL	6	32	3.730	3.366	1.870
CONT_BOTH	6	32	20.552	6.565	1.942
CONT	6	33	9.502	4.117	1.228
CONT_BURIAL	6	33	3.721	3.482	1.165
CONT_BOTH	6	33	13.223	7.599	1.251
CONT	6	34	13.948	2.738	1.903
CONT_BURIAL	6	34	3.744	3.380	1.840
CONT_BOTH	6	34	17.692	6.119	1.903
CONT	6	53	9.486	2.638	1.502
CONT_BURIAL	6	53	3.541	3.454	0.392
CONT_BOTH	6	53	13.027	6.092	1.513
CONT	6	54	6.293	1.843	0.978
CONT_BURIAL	6	54	2.809	2.580	1.472
CONT_BOTH	6	54	9.102	4.423	1.007
CONT	6	56	14.328	2.266	2.073
CONT_BURIAL	6	56	3.421	3.473	-0.254
CONT_BOTH	6	56	17.749	5.740	2.069
CONT	6	57	9.349	1.661	1.885
CONT_BURIAL	6	57	3.491	3.467	0.112
CONT_BOTH	6	57	12.840	5.128	1.852
CONT	6	60	16.496	2.399	1.990
CONT_BURIAL	6	60	3.730	3.359	1.985
CONT_BOTH	6	60	20.227	5.759	1.992
CONT	7	9	2.476	2.144	0.128
CONT_BURIAL	7	9	3.597	3.585	0.056
CONT_BOTH	7	9	6.073	5.729	0.143
CONT	7	29	-1.886	0.540	-1.148
CONT_BURIAL	7	29	3.657	3.506	0.932
CONT_BOTH	7	29	1.771	4.046	-1.112
CONT	7	30	9.380	3.068	1.029
CONT_BURIAL	7	30	3.824	3.487	1.587
CONT_BOTH	7	30	13.204	6.554	1.064
CONT	7	31	0.499	2.610	-0.956
CONT_BURIAL	7	31	3.918	3.560	1.488
CONT_BOTH	7	31	4.417	6.170	-0.875
CONT	7	32	10.571	3.050	1.138
CONT_BURIAL	7	32	3.824	3.450	1.776
CONT_BOTH	7	32	14.395	6.499	1.175
CONT	7	33	1.939	3.122	-0.632
CONT_BURIAL	7	33	3.815	3.552	1.135
CONT_BOTH	7	33	5.754	6.674	-0.539
CONT	7	96	1.295	2.274	-0.481
CONT_BURIAL	7	96	3.488	3.227	1.295
CONT_BOTH	7	96	4.783	5.500	-0.384
CONT	8	10	-1.133	0.406	-0.719
CONT_BURIAL	8	10	3.749	3.552	0.886
CONT_BOTH	8	10	2.615	3.958	-0.689
CONT	8	29	-2.124	0.300	-1.123
CONT_BURIAL	8	29	3.565	3.500	0.404
CONT_BOTH	8	29	1.441	3.800	-1.127
CONT	8	30	8.658	1.599	1.151
CONT_BURIAL	8	30	3.732	3.477	1.198
CONT_BOTH	8	30	12.390	5.076	1.167
CONT	8	31	0.320	1.620	-0.634
CONT_BURIAL	8	31	3.826	3.555	1.153
CONT_BOTH	8	31	4.146	5.175	-0.551
CONT	8	32	9.797	1.692	1.245
CONT_BURIAL	8	32	3.732	3.465	1.273
CONT_BOTH	8	32	13.529	5.156	1.261
CONT	8	96	0.802	1.826	-0.574
CONT_BURIAL	8	96	3.396	3.222	0.819
CONT_BOTH	8	96	4.198	5.048	-0.526
CONT	8	98	0.792	2.036	-0.584
CONT_BURIAL	8	98	3.723	3.562	0.685
CONT_BOTH	8	98	4.515	5.599	-0.550
CONT	9	11	5.404	2.542	0.884
CONT_BURIAL	9	11	3.252	3.558	-1.223
CONT_BOTH	9	11	8.656	6.100	0.852
CONT	9	28	7.230	2.163	1.241
CONT_BURIAL	9	28	3.507	3.464	0.193
CONT_BOTH	9	28	10.737	5.627	1.235
CONT	9	29	0.659	1.882	-0.430
CONT_BURIAL	9	29	3.322	3.502	-1.080
CONT_BOTH	9	29	3.981	5.383	-0.516
CONT	9	30	11.548	3.388	1.327
CONT_BURIAL	9	30	3.489	3.467	0.107
CONT_BOTH	9	30	15.037	6.854	1.313
CONT	9	31	3.067	2.988	0.032
CONT_BURIAL	9	31	3.583	3.567	0.070
CONT_BOTH	9	31	6.650	6.556	0.041
CONT	9	32	12.481	3.826	1.381
CONT_BURIAL	9	32	3.489	3.453	0.172
CONT_BOTH	9	32	15.970	7.279	1.368
CONT	9	57	4.992	3.211	0.575
CONT_BURIAL	9	57	3.250	3.548	-1.192
CONT_BOTH	9	57	8.243	6.759	0.517
CONT	9	60	11.726	3.777	1.274
CONT_BURIAL	9	60	3.490	3.473	0.079
CONT_BOTH	9	60	15.216	7.250	1.258
CONT	9	61	2.064	2.271	-0.060
CONT_BURIAL	9	61	3.584	3.538	0.201
CONT_BOTH	9	61	5.648	5.809	-0.050
CONT	9	64	5.622	3.799	0.524
CONT_BURIAL	9	64	3.263	3.527	-1.154
CONT_BOTH	9	64	8.885	7.326	0.477
CONT	10	12	-1.460	1.757	-1.580
CONT_BURIAL	10	12	3.543	3.545	-0.007
CONT_BOTH	10	12	2.083	5.302	-1.741
CONT	10	27	0.745	0.517	0.135
CONT_BURIAL	10	27	3.434	3.566	-0.557
CONT_BOTH	10	27	4.178	4.083	0.064
CONT	10	28	4.693	1.214	0.795
CONT_BURIAL	10	28	3.750	3.462	1.365
CONT_BOTH	10	28	8.444	4.676	0.847
CONT	10	29	-1.911	1.136	-1.021
CONT_BURIAL	10	29	3.565	3.477	0.510
CONT_BOTH	10	29	1.655	4.613	-1.034
CONT	10	30	8.296	1.915	1.060
CONT_BURIAL	10	30	3.732	3.438	1.303
CONT_BOTH	10	30	12.028	5.353	1.090
CONT	10	64	1.104	1.774	-0.180
CONT_BURIAL	10	64	3.506	3.542	-0.152
CONT_BOTH	10	64	4.610	5.316	-0.201
CONT	10	100	-0.721	0.933	-0.700
CONT_BURIAL	10	100	3.808	3.547	1.158
CONT_BOTH	10	100	3.087	4.480	-0.642
CONT	11	13	2.886	1.122	0.671
CONT_BURIAL	11	13	3.495	3.567	-0.337
CONT_BOTH	11	13	6.382	4.689	0.692
CONT	11	27	4.126	0.604	1.745
CONT_BURIAL	11	27	3.180	3.535	-1.497
CONT_BOTH	11	27	7.306	4.139	1.720
CONT	11	28	7.798	0.886	1.732
CONT_BURIAL	11	28	3.496	3.442	0.258
CONT_BOTH	11	28	11.295	4.328	1.723
CONT	11	29	1.515	0.339	0.438
CONT_BURIAL	11	29	3.312	3.501	-1.169
CONT_BOTH	11	29	4.827	3.840	0.386
CONT	11	30	11.701	2.040	1.670
CONT_BURIAL	11	30	3.478	3.463	0.068
CONT_BOTH	11	30	15.180	5.504	1.648
CONT	11	60	12.359	1.980	1.524
CONT_BURIAL	11	60	3.479	3.459	0.095
CONT_BOTH	11	60	15.838	5.439	1.509
CONT	11	61	3.402	1.014	0.696
CONT_BURIAL	11	61	3.573	3.551	0.092
CONT_BOTH	11	61	6.975	4.566	0.750
CONT	11	63	7.464	1.278	1.963
CONT_BURIAL	11	63	3.188	3.537	-1.598
CONT_BOTH	11	63	10.652	4.814	1.983
CONT	11	64	5.455	2.075	0.952
CONT_BURIAL	11	64	3.252	3.559	-1.391
CONT_BOTH	11	64	8.707	5.635	0.920
CONT	11	65	1.960	1.206	0.234
CONT_BURIAL	11	65	3.555	3.538	0.072
CONT_BOTH	11	65	5.514	4.744	0.257
CONT	11	66	3.831	1.548	0.939
CONT_BURIAL	11	66	2.558	2.684	-0.719
CONT_BOTH	11	66	6.389	4.232	0.949
CONT	12	14	-3.053	3.503	-3.599
CONT_BURIAL	12	14	2.517	2.706	-1.053
CONT_BOTH	12	14	-0.536	6.209	-3.710
CONT	12	25	-1.085	2.111	-1.711
CONT_BURIAL	12	25	2.922	2.978	-0.301
CONT_BOTH	12	25	1.838	5.090	-1.855
CONT	12	26	0.802	3.283	-1.416
CONT_BURIAL	12	26	3.581	3.537	0.184
CONT_BOTH	12	26	4.382	6.821	-1.480
CONT	12	27	-0.428	1.341	-1.532
CONT_BURIAL	12	27	3.227	3.549	-1.320
CONT_BOTH	12	27	2.799	4.890	-2.012
CONT	12	28	4.145	1.463	0.660
CONT_BURIAL	12	28	3.544	3.455	0.423
CONT_BOTH	12	28	7.690	4.918	0.665
CONT	12	64	1.234	3.053	-0.649
CONT_BURIAL	12	64	3.300	3.565	-1.148
CONT_BOTH	12	64	4.534	6.618	-0.794
CONT	12	65	-2.674	1.493	-1.803
CONT_BURIAL	12	65	3.602	3.570	0.144
CONT_BOTH	12	65	0.928	5.063	-1.957
CONT	13	15	0.049	2.814	-0.601
CONT_BURIAL	13	15	3.657	3.505	0.898
CONT_BOTH	13	15	3.706	6.319	-0.579
CONT	13	16	0.553	2.488	-0.906
CONT_BURIAL	13	16	3.749	3.581	0.726
CONT_BOTH	13	16	4.302	6.069	-0.898
CONT	13	21	-0.096	1.794	-0.847
CONT_BURIAL	13	21	3.808	3.562	1.014
CONT_BOTH	13	21	3.712	5.356	-0.801
CONT	13	22	-0.056	2.062	-0.884
CONT_BURIAL	13	22	3.790	3.544	1.083
CONT_BOTH	13	22	3.734	5.606	-0.854
CONT	13	25	-0.902	1.881	-1.022
CONT_BURIAL	13	25	3.128	2.971	0.777
CONT_BOTH	13	25	2.227	4.852	-1.029
CONT	13	26	0.569	2.029	-0.615
CONT_BURIAL	13	26	3.787	3.564	0.966
CONT_BOTH	13	26	4.356	5.593	-0.548
CONT	13	27	0.950	0.844	0.061
CONT_BURIAL	13	27	3.433	3.577	-0.638
CONT_BOTH	13	27	4.383	4.421	-0.023
CONT	13	28	5.022	1.676	0.766
CONT_BURIAL	13	28	3.750	3.482	1.316
CONT_BOTH	13	28	8.772	5.158	0.813
CONT	13	64	1.595	2.484	-0.247
CONT_BURIAL	13	64	3.506	3.546	-0.169
CONT_BOTH	13	64	5.101	6.030	-0.274
CONT	13	65	-2.082	1.307	-1.020
CONT_BURIAL	13	65	3.808	3.563	1.040
CONT_BOTH	13	65	1.726	4.870	-1.014
CONT	13	66	0.308	2.115	-0.765
CONT_BURIAL	13	66	2.812	2.662	0.824
CONT_BOTH	13	66	3.120	4.776	-0.750
CONT	13	68	-1.093	1.564	-1.385
CONT_BURIAL	13	68	3.553	3.548	0.024
CONT_BOTH	13	68	2.461	5.112	-1.440
CONT	14	16	-1.501	3.601	-3.217
CONT_BURIAL	14	16	2.723	2.706	0.096
CONT_BOTH	14	16	1.222	6.307	-3.249
CONT	14	21	-1.519	2.721	-2.951
CONT_BURIAL	14	21	2.782	2.696	0.466
CONT_BOTH	14	21	1.263	5.417	-2.881
CONT	14	22	-1.675	2.777	-2.325
CONT_BURIAL	14	22	2.764	2.686	0.429
CONT_BOTH	14	22	1.089	5.463	-2.418
CONT	14	23	-2.452	2.264	-3.563
CONT_BURIAL	14	23	1.816	1.789	0.226
CONT_BOTH	14	23	-0.637	4.052	-3.600
CONT	14	24	-0.940	2.325	-2.098
CONT_BURIAL	14	24	1.626	1.797	-1.525
CONT_BOTH	14	24	0.686	4.122	-2.169
CONT	14	25	-2.647	2.296	-2.283
CONT_BURIAL	14	25	2.103	2.078	0.182
CONT_BOTH	14	25	-0.545	4.373	-2.344
CONT	14	26	-0.628	3.292	-2.304
CONT_BURIAL	14	26	2.761	2.692	0.374
CONT_BOTH	14	26	2.133	5.984	-2.241
CONT	14	65	-4.173	1.884	-2.544
CONT_BURIAL	14	65	2.783	2.678	0.570
CONT_BOTH	14	65	-1.390	4.562	-2.640
CONT	14	66	-1.749	3.389	-3.308
CONT_BURIAL	14	66	1.786	1.801	-0.130
CONT_BOTH	14	66	0.037	5.190	-3.383
CONT	14	67	-2.603	2.174	-3.296
CONT_BURIAL	14	67	1.832	1.791	0.345
CONT_BOTH	14	67	-0.772	3.966	-3.348
CONT	14	68	-3.115	2.052	-3.385
CONT_BURIAL	14	68	2.528	2.691	-0.914
CONT_BOTH	14	68	-0.587	4.743	-3.393
CONT	14	69	1.787	3.017	-0.552
CONT_BURIAL	14	69	2.382	2.690	-1.659
CONT_BOTH	14	69	4.170	5.706	-0.720
CONT	15	17	0.484	2.726	-0.578
CONT_BURIAL	15	17	3.397	3.454	-0.346
CONT_BOTH	15	17	3.880	6.181	-0.598
CONT	15	21	0.627	2.255	-0.394
CONT_BURIAL	15	21	3.716	3.509	1.228
CONT_BOTH	15	21	4.343	5.764	-0.348
CONT	15	22	0.620	2.389	-0.418
CONT_BURIAL	15	22	3.698	3.514	1.105
CONT_BOTH	15	22	4.317	5.903	-0.381
CONT	15	25	0.088	2.029	-0.435
CONT_BURIAL	15	25	3.036	2.928	0.927
CONT_BOTH	15	25	3.125	4.957	-0.417
CONT	15	26	1.207	2.481	-0.310
CONT_BURIAL	15	26	3.695	3.530	1.001
CONT_BOTH	15	26	4.901	6.011	-0.273
CONT	15	28	5.183	2.029	0.568
CONT_BURIAL	15	28	3.658	3.435	1.617
CONT_BOTH	15	28	8.841	5.464	0.600
CONT	15	64	2.164	2.133	0.007
CONT_BURIAL	15	64	3.414	3.520	-0.644
CONT_BOTH	15	64	5.578	5.653	-0.018
CONT	15	66	0.850	2.348	-0.362
CONT_BURIAL	15	66	2.720	2.630	1.012
CONT_BOTH	15	66	3.570	4.979	-0.344
CONT	15	67	-0.521	1.797	-0.564
CONT_BURIAL	15	67	2.765	2.631	1.491
CONT_BOTH	15	67	2.244	4.429	-0.538
CONT	15	68	-0.413	1.744	-0.599
CONT_BURIAL	15	68	3.461	3.518	-0.343
CONT_BOTH	15	68	3.048	5.261	-0.616
CONT	15	69	4.570	2.475	0.501
CONT_BURIAL	15	69	3.316	3.501	-1.092
CONT_BOTH	15	69	7.886	5.976	0.469
CONT	15	70	1.473	2.669	-0.301
CONT_BURIAL	15	70	3.698	3.518	1.124
CONT_BOTH	15	70	5.171	6.186	-0.258
CONT	15	71	3.124	2.303	0.211
CONT_BURIAL	15	71	2.586	2.651	-0.723
CONT_BOTH	15	71	5.710	4.954	0.197
CONT	15	72	6.821	3.058	0.771
CONT_BURIAL	15	72	3.355	3.523	-1.066
CONT_BOTH	15	72	10.176	6.581	0.756
CONT	15	74	-0.448	1.680	-0.516
CONT_BURIAL	15	74	2.704	2.618	0.951
CONT_BOTH	15	74	2.255	4.298	-0.502
CONT	15	75	9.099	3.492	0.941
CONT_BURIAL	15	75	3.351	3.522	-1.053
CONT_BOTH	15	75	12.450	7.015	0.935
CONT	15	97	8.474	2.548	0.907
CONT_BURIAL	15	97	2.877	2.411	1.342
CONT_BOTH	15	97	11.351	4.959	0.945
CONT	15	99	0.778	3.318	-0.571
CONT_BURIAL	15	99	3.748	3.522	1.389
CONT_BOTH	15	99	4.527	6.839	-0.532
CONT	16	18	2.197	2.295	-0.078
CONT_BURIAL	16	18	3.443	3.580	-0.594
CONT_BOTH	16	18	5.640	5.875	-0.200
CONT	16	19	0.911	1.579	-0.495
CONT_BURIAL	16	19	2.818	2.658	0.840
CONT_BOTH	16	19	3.729	4.237	-0.396
CONT	16	20	2.567	2.303	0.161
CONT_BURIAL	16	20	2.718	2.671	0.255
CONT_BOTH	16	20	5.285	4.974	0.201
CONT	16	21	1.472	2.815	-0.860
CONT_BURIAL	16	21	3.808	3.551	1.170
CONT_BOTH	16	21	5.280	6.366	-0.747
CONT	16	22	1.603	3.489	-0.889
CONT_BURIAL	16	22	3.790	3.541	1.093
CONT_BOTH	16	22	5.392	7.029	-0.848
CONT	16	25	0.998	2.415	-0.705
CONT_BURIAL	16	25	3.128	2.961	0.840
CONT_BOTH	16	25	4.127	5.376	-0.661
CONT	16	26	1.997	3.257	-0.734
CONT_BURIAL	16	26	3.787	3.549	0.995
CONT_BOTH	16	26	5.783	6.806	-0.634
CONT	16	68	0.359	2.395	-1.415
CONT_BURIAL	16	68	3.553	3.546	0.029
CONT_BOTH	16	68	3.912	5.941	-1.437
CONT	16	69	5.381	3.110	0.976
CONT_BURIAL	16	69	3.408	3.540	-0.586
CONT_BOTH	16	69	8.789	6.650	0.987
CONT	16	70	2.479	3.881	-0.835
CONT_BURIAL	16	70	3.790	3.534	1.078
CONT_BOTH	16	70	6.268	7.416	-0.742
CONT	16	71	3.800	2.841	0.568
CONT_BURIAL	16	71	2.678	2.693	-0.085
CONT_BOTH	16	71	6.478	5.534	0.592
CONT	16	72	7.594	3.819	1.017
CONT_BURIAL	16	72	3.447	3.560	-0.462
CONT_BOTH	16	72	11.041	7.379	1.037
CONT	16	99	1.275	4.026	-0.993
CONT_BURIAL	16	99	3.840	3.544	1.217
CONT_BOTH	16	99	5.116	7.570	-0.956
CONT	16	102	1.870	3.241	-0.722
CONT_BURIAL	16	102	2.843	2.688	0.825
CONT_BOTH	16	102	4.714	5.929	-0.687
CONT	16	103	1.837	3.049	-0.807
CONT_BURIAL	16	103	3.806	3.547	1.084
CONT_BOTH	16	103	5.643	6.596	-0.697
CONT	17	19	0.442	1.153	-0.790
CONT_BURIAL	17	19	2.558	2.601	-0.235
CONT_BOTH	17	19	3.000	3.754	-0.780
CONT	17	21	0.955	2.382	-1.308
CONT_BURIAL	17	21	3.548	3.485	0.282
CONT_BOTH	17	21	4.503	5.867	-1.316
CONT	17	22	0.913	2.423	-0.983
CONT_BURIAL	17	22	3.530	3.479	0.225
CONT_BOTH	17	22	4.443	5.903	-1.042
CONT	17	69	4.778	2.395	1.128
CONT_BURIAL	17	69	3.148	3.507	-1.566
CONT_BOTH	17	69	7.926	5.901	1.010
CONT	17	70	1.829	2.847	-1.105
CONT_BURIAL	17	70	3.530	3.489	0.192
CONT_BOTH	17	70	5.358	6.336	-1.053
CONT	17	71	3.142	2.568	0.398
CONT_BURIAL	17	71	2.418	2.614	-1.093
CONT_BOTH	17	71	5.559	5.182	0.268
CONT	17	103	1.632	2.551	-0.844
CONT_BURIAL	17	103	3.546	3.468	0.357
CONT_BOTH	17	103	5.178	6.019	-0.785
CONT	18	20	1.588	0.851	0.701
CONT_BURIAL	18	20	2.412	2.665	-1.322
CONT_BOTH	18	20	4.000	3.515	0.491
CONT	18	21	1.516	1.890	-0.302
CONT_BURIAL	18	21	3.502	3.553	-0.214
CONT_BOTH	18	21	5.018	5.443	-0.386
CONT	18	22	1.343	1.545	-0.127
CONT_BURIAL	18	22	3.484	3.559	-0.335
CONT_BOTH	18	22	4.827	5.104	-0.194
CONT	18	23	0.422	0.865	-0.407
CONT_BURIAL	18	23	2.535	2.674	-0.813
CONT_BOTH	18	23	2.958	3.539	-0.588
CONT	18	24	2.711	1.055	1.433
CONT_BURIAL	18	24	2.346	2.663	-1.776
CONT_BOTH	18	24	5.057	3.718	1.192
CONT	18	70	2.197	1.884	0.298
CONT_BURIAL	18	70	3.484	3.552	-0.292
CONT_BOTH	18	70	5.681	5.436	0.243
CONT	18	102	2.178	1.812	0.215
CONT_BURIAL	18	102	2.538	2.675	-0.733
CONT_BOTH	18	102	4.716	4.487	0.143
CONT	18	103	2.793	2.260	0.407
CONT_BURIAL	18	103	3.500	3.544	-0.195
CONT_BOTH	18	103	6.294	5.804	0.383
CONT	19	21	0.383	0.623	-0.233
CONT_BURIAL	19	21	2.877	2.673	1.131
CONT_BOTH	19	21	3.260	3.296	-0.037
CONT	19	22	0.623	1.369	-0.422
CONT_BURIAL	19	22	2.859	2.674	1.035
CONT_BOTH	19	22	3.481	4.044	-0.346
CONT	19	23	-0.126	0.643	-0.649
CONT_BURIAL	19	23	1.910	1.782	1.131
CONT_BOTH	19	23	1.785	2.425	-0.572
CONT	20	22	2.095	1.660	0.228
CONT_BURIAL	20	22	2.759	2.672	0.476
CONT_BOTH	20	22	4.854	4.332	0.299
CONT	20	23	1.464	1.228	0.158
CONT_BURIAL	20	23	1.810	1.779	0.273
CONT_BOTH	20	23	3.275	3.006	0.191
CONT	20	24	2.468	0.786	1.476
CONT_BURIAL	20	24	1.621	1.775	-1.355
CONT_BOTH	20	24	4.089	2.562	1.397
CONT	20	25	1.575	1.292	0.141
CONT_BURIAL	20	25	2.097	2.090	0.054
CONT_BOTH	20	25	3.672	3.382	0.153
CONT	20	103	2.814	1.689	0.688
CONT_BURIAL	20	103	2.775	2.687	0.488
CONT_BOTH	20	103	5.589	4.376	0.773
CONT	21	23	-0.367	1.231	-1.072
CONT_BURIAL	21	23	2.901	2.673	1.255
CONT_BOTH	21	23	2.534	3.904	-0.999
CONT	21	24	2.640	1.697	0.767
CONT_BURIAL	21	24	2.711	2.680	0.186
CONT_BOTH	21	24	5.351	4.378	0.803
CONT	21	25	0.979	2.272	-0.624
CONT_BURIAL	21	25	3.188	2.969	1.127
CONT_BOTH	21	25	4.167	5.241	-0.551
CONT	21	26	1.066	2.509	-0.964
CONT_BURIAL	21	26	3.846	3.546	1.307
CONT_BOTH	21	26	4.912	6.056	-0.831
CONT	21	68	-0.089	1.675	-1.531
CONT_BURIAL	21	68	3.613	3.555	0.253
CONT_BOTH	21	68	3.524	5.230	-1.461
CONT	21	70	1.596	2.396	-0.648
CONT_BURIAL	21	70	3.849	3.561	1.272
CONT_BOTH	21	70	5.445	5.957	-0.453
CONT	21	99	0.212	2.938	-1.068
CONT_BURIAL	21	99	3.900	3.560	1.463
CONT_BOTH	21	99	4.112	6.498	-1.007
CONT	21	102	1.272	2.478	-0.679
CONT_BURIAL	21	102	2.903	2.663	1.344
CONT_BOTH	21	102	4.175	5.140	-0.576
CONT	21	103	2.455	3.250	-0.609
CONT_BURIAL	21	103	3.865	3.591	1.243
CONT_BOTH	21	103	6.320	6.841	-0.436
CONT	22	24	2.164	1.296	0.587
CONT_BURIAL	22	24	2.693	2.685	0.046
CONT_BOTH	22	24	4.857	3.981	0.652
CONT	22	25	0.373	1.535	-0.502
CONT_BURIAL	22	25	3.169	2.983	0.985
CONT_BOTH	22	25	3.542	4.517	-0.453
CONT	22	68	0.125	1.828	-1.109
CONT_BURIAL	22	68	3.594	3.543	0.221
CONT_BOTH	22	68	3.720	5.371	-1.170
CONT	22	70	1.302	2.565	-0.695
CONT_BURIAL	22	70	3.831	3.551	1.184
CONT_BOTH	22	70	5.133	6.116	-0.597
CONT	23	25	-0.598	1.106	-0.820
CONT_BURIAL	23	25	2.221	2.079	1.009
CONT_BOTH	23	25	1.623	3.185	-0.799
CONT	24	26	2.935	1.915	0.719
CONT_BURIAL	24	26	2.690	2.668	0.115
CONT_BOTH	24	26	5.624	4.584	0.756
CONT	24	103	2.880	1.531	1.049
CONT_BURIAL	24	103	2.709	2.664	0.239
CONT_BOTH	24	103	5.589	4.195	1.123
CONT	25	27	1.390	1.111	0.168
CONT_BURIAL	25	27	2.813	2.942	-0.644
CONT_BOTH	25	27	4.203	4.053	0.099
CONT	25	28	5.490	1.238	1.000
CONT_BURIAL	25	28	3.130	2.898	1.285
CONT_BOTH	25	28	8.619	4.136	1.028
CONT	25	68	-0.650	1.394	-1.107
CONT_BURIAL	25	68	2.933	2.966	-0.168
CONT_BOTH	25	68	2.282	4.360	-1.148
CONT	26	28	6.559	2.171	1.003
CONT_BURIAL	26	28	3.788	3.459	1.566
CONT_BOTH	26	28	10.347	5.630	1.048
CONT	26	99	1.484	3.835	-0.835
CONT_BURIAL	26	99	3.878	3.546	1.404
CONT_BOTH	26	99	5.362	7.381	-0.764
CONT	26	100	1.680	2.080	-0.261
CONT_BURIAL	26	100	3.846	3.596	1.176
CONT_BOTH	26	100	5.526	5.676	-0.105
CONT	26	101	2.062	3.178	-0.660
CONT_BURIAL	26	101	3.828	3.566	1.173
CONT_BOTH	26	101	5.890	6.744	-0.546
CONT	26	102	1.952	2.982	-0.524
CONT_BURIAL	26	102	2.881	2.661	1.213
CONT_BOTH	26	102	4.833	5.643	-0.432
CONT	26	103	1.919	2.687	-0.517
CONT_BURIAL	26	103	3.844	3.550	1.192
CONT_BOTH	26	103	5.763	6.236	-0.340
CONT	27	29	-0.362	0.096	-0.297
CONT_BURIAL	27	29	3.250	3.513	-1.694
CONT_BOTH	27	29	2.888	3.609	-0.480
CONT	27	98	2.841	2.433	0.227
CONT_BURIAL	27	98	3.408	3.560	-0.683
CONT_BOTH	27	98	6.249	5.993	0.154
CONT	27	99	2.015	2.230	-0.099
CONT_BURIAL	27	99	3.525	3.555	-0.134
CONT_BOTH	27	99	5.540	5.784	-0.123
CONT	27	100	2.882	1.315	1.223
CONT_BURIAL	27	100	3.493	3.552	-0.257
CONT_BOTH	27	100	6.374	4.868	1.310
CONT	27	101	2.195	1.166	1.035
CONT_BURIAL	27	101	3.475	3.563	-0.407
CONT_BOTH	27	101	5.669	4.729	1.085
CONT	28	30	13.816	2.264	1.660
CONT_BURIAL	28	30	3.733	3.373	1.761
CONT_BOTH	28	30	17.549	5.637	1.665
CONT	28	64	6.900	2.170	1.062
CONT_BURIAL	28	64	3.507	3.478	0.140
CONT_BOTH	28	64	10.408	5.648	1.063
CONT	28	65	3.496	1.226	0.499
CONT_BURIAL	28	65	3.809	3.473	1.516
CONT_BOTH	28	65	7.306	4.699	0.566
CONT	28	72	11.464	2.765	1.793
CONT_BURIAL	28	72	3.448	3.479	-0.151
CONT_BOTH	28	72	14.913	6.244	1.785
CONT	28	75	13.826	2.217	2.019
CONT_BURIAL	28	75	3.444	3.471	-0.119
CONT_BOTH	28	75	17.270	5.687	2.032
CONT	28	97	12.927	2.431	1.819
CONT_BURIAL	28	97	2.970	2.388	1.666
CONT_BOTH	28	97	15.897	4.819	1.824
CONT	28	98	6.841	2.369	1.028
CONT_BURIAL	28	98	3.724	3.457	1.233
CONT_BOTH	28	98	10.566	5.826	1.065
CONT	28	99	6.338	2.953	0.774
CONT_BURIAL	28	99	3.842	3.454	1.836
CONT_BOTH	28	99	10.180	6.408	0.851
CONT	28	100	6.741	1.682	1.218
CONT_BURIAL	28	100	3.809	3.450	1.675
CONT_BOTH	28	100	10.550	5.132	1.273
CONT	29	31	-1.397	0.815	-0.996
CONT_BURIAL	29	31	3.643	3.510	0.845
CONT_BOTH	29	31	2.245	4.325	-0.959
CONT	29	96	-0.258	2.305	-1.095
CONT_BURIAL	29	96	3.212	3.166	0.344
CONT_BOTH	29	96	2.954	5.470	-1.103
CONT	29	97	6.477	1.480	0.908
CONT_BURIAL	29	97	2.785	2.407	1.084
CONT_BOTH	29	97	9.262	3.888	0.927
CONT	29	98	-0.460	2.103	-1.079
CONT_BURIAL	29	98	3.540	3.509	0.188
CONT_BOTH	29	98	3.079	5.612	-1.101
CONT	29	99	-1.341	2.256	-1.179
CONT_BURIAL	29	99	3.657	3.507	0.915
CONT_BOTH	29	99	2.316	5.763	-1.173
CONT	29	100	-0.973	1.835	-1.193
CONT_BURIAL	29	100	3.625	3.512	0.706
CONT_BOTH	29	100	2.651	5.346	-1.185
CONT	29	110	-2.126	0.037	-1.155
CONT_BURIAL	29	110	2.628	2.610	0.218
CONT_BOTH	29	110	0.502	2.647	-1.149
CONT	29	112	-2.543	-0.606	-0.868
CONT_BURIAL	29	112	3.309	3.422	-0.810
CONT_BOTH	29	112	0.766	2.815	-0.885
CONT	30	32	18.588	5.000	1.730
CONT_BURIAL	30	32	3.715	3.401	1.683
CONT_BOTH	30	32	22.304	8.402	1.730
CONT	30	57	11.636	2.997	1.426
CONT_BURIAL	30	57	3.477	3.492	-0.074
CONT_BOTH	30	57	15.112	6.489	1.404
CONT	30	60	18.090	3.504	1.698
CONT_BURIAL	30	60	3.716	3.375	1.667
CONT_BOTH	30	60	21.806	6.879	1.698
CONT	30	61	8.964	2.967	0.904
CONT_BURIAL	30	61	3.810	3.461	1.620
CONT_BOTH	30	61	12.775	6.428	0.945
CONT	30	63	13.484	2.454	1.702
CONT_BURIAL	30	63	3.425	3.474	-0.236
CONT_BOTH	30	63	16.909	5.928	1.679
CONT	30	64	10.697	3.248	1.210
CONT_BURIAL	30	64	3.489	3.473	0.077
CONT_BOTH	30	64	14.186	6.721	1.201
CONT	30	75	17.633	3.816	1.838
CONT_BURIAL	30	75	3.426	3.448	-0.111
CONT_BOTH	30	75	21.059	7.264	1.835
CONT	30	76	15.310	3.412	1.559
CONT_BURIAL	30	76	3.555	3.462	0.550
CONT_BOTH	30	76	18.865	6.874	1.561
CONT	30	79	18.619	3.124	1.927
CONT_BURIAL	30	79	3.573	3.404	1.209
CONT_BOTH	30	79	22.191	6.528	1.925
CONT	30	95	17.515	3.218	1.823
CONT_BURIAL	30	95	3.716	3.363	1.802
CONT_BOTH	30	95	21.232	6.581	1.824
CONT	30	96	10.830	3.940	1.105
CONT_BURIAL	30	96	3.379	3.131	1.280
CONT_BOTH	30	96	14.210	7.071	1.123
CONT	30	97	16.584	2.842	1.855
CONT_BURIAL	30	97	2.952	2.347	1.745
CONT_BOTH	30	97	19.537	5.189	1.867
CONT	30	98	10.811	3.811	1.134
CONT_BURIAL	30	98	3.707	3.483	1.065
CONT_BOTH	30	98	14.517	7.293	1.151
CONT	31	33	2.818	3.823	-0.522
CONT_BURIAL	31	33	3.801	3.554	1.127
CONT_BOTH	31	33	6.619	7.377	-0.426
CONT	31	94	2.736	3.584	-0.392
CONT_BURIAL	31	94	3.918	3.575	1.515
CONT_BOTH	31	94	6.653	7.159	-0.251
CONT	31	95	9.749	3.613	1.031
CONT_BURIAL	31	95	3.810	3.473	1.563
CONT_BOTH	31	95	13.559	7.086	1.069
CONT	31	96	2.198	3.423	-0.658
CONT_BURIAL	31	96	3.473	3.212	1.274
CONT_BOTH	31	96	5.671	6.635	-0.560
CONT	31	97	9.104	1.828	1.351
CONT_BURIAL	31	97	3.046	2.395	1.685
CONT_BOTH	31	97	12.150	4.222	1.404
CONT	31	98	1.892	3.467	-0.675
CONT_BURIAL	31	98	3.801	3.523	1.174
CONT_BOTH	31	98	5.692	6.990	-0.600
CONT	31	114	1.586	2.810	-0.668
CONT_BURIAL	31	114	3.430	3.126	1.520
CONT_BOTH	31	114	5.016	5.936	-0.548
CONT	32	34	17.324	4.222	1.817
CONT_BURIAL	32	34	3.730	3.389	1.801
CONT_BOTH	32	34	21.054	7.611	1.818
CONT	32	53	12.738	4.134	1.255
CONT_BURIAL	32	53	3.526	3.449	0.369
CONT_BOTH	32	53	16.264	7.582	1.258
CONT	32	56	17.452	4.412	1.679
CONT_BURIAL	32	56	3.407	3.463	-0.296
CONT_BOTH	32	56	20.859	7.875	1.669
CONT	32	57	12.441	3.379	1.478
CONT_BURIAL	32	57	3.477	3.463	0.063
CONT_BOTH	32	57	15.918	6.842	1.458
CONT	32	59	10.706	4.186	0.978
CONT_BURIAL	32	59	3.792	3.468	1.585
CONT_BOTH	32	59	14.498	7.653	1.016
CONT	32	60	19.268	4.250	1.749
CONT_BURIAL	32	60	3.716	3.383	1.689
CONT_BOTH	32	60	22.985	7.633	1.749
CONT	32	76	16.538	3.129	1.648
CONT_BURIAL	32	76	3.555	3.437	0.703
CONT_BOTH	32	76	20.093	6.566	1.652
CONT	32	79	19.817	3.113	1.959
CONT_BURIAL	32	79	3.573	3.414	1.131
CONT_BOTH	32	79	23.389	6.526	1.953
CONT	32	80	13.647	3.847	1.544
CONT_BURIAL	32	80	3.537	3.461	0.332
CONT_BOTH	32	80	17.183	7.309	1.530
CONT	32	83	18.392	4.429	1.965
CONT_BURIAL	32	83	3.412	3.469	-0.266
CONT_BOTH	32	83	21.804	7.899	1.949
CONT	32	93	12.073	4.627	1.064
CONT_BURIAL	32	93	3.707	3.452	1.138
CONT_BOTH	32	93	15.779	8.079	1.093
CONT	32	94	13.537	5.158	1.282
CONT_BURIAL	32	94	3.824	3.475	1.646
CONT_BOTH	32	94	17.361	8.633	1.312
CONT	32	95	18.455	3.950	1.854
CONT_BURIAL	32	95	3.716	3.377	1.741
CONT_BOTH	32	95	22.172	7.328	1.853
CONT	32	96	12.018	4.199	1.238
CONT_BURIAL	32	96	3.379	3.117	1.337
CONT_BOTH	32	96	15.397	7.316	1.256
CONT	33	35	6.097	5.188	0.400
CONT_BURIAL	33	35	3.815	3.541	1.208
CONT_BOTH	33	35	9.912	8.729	0.531
CONT	33	92	2.844	3.959	-0.615
CONT_BURIAL	33	92	3.783	3.549	1.003
CONT_BOTH	33	92	6.627	7.509	-0.530
CONT	33	93	3.574	4.651	-0.265
CONT_BURIAL	33	93	3.698	3.576	0.537
CONT_BOTH	33	93	7.272	8.228	-0.245
CONT	33	94	5.378	5.776	-0.185
CONT_BURIAL	33	94	3.815	3.538	1.192
CONT_BOTH	33	94	9.193	9.313	-0.059
CONT	33	95	11.502	4.597	1.192
CONT_BURIAL	33	95	3.707	3.476	1.086
CONT_BOTH	33	95	15.209	8.073	1.208
CONT	33	96	3.650	4.590	-0.435
CONT_BURIAL	33	96	3.370	3.213	0.774
CONT_BOTH	33	96	7.020	7.802	-0.387
CONT	33	116	3.153	3.473	-0.173
CONT_BURIAL	33	116	3.383	3.560	-0.763
CONT_BOTH	33	116	6.535	7.033	-0.269
CONT	34	36	12.131	1.765	1.826
CONT_BURIAL	34	36	3.730	3.375	1.803
CONT_BOTH	34	36	15.861	5.139	1.827
CONT	34	51	13.957	2.092	1.991
CONT_BURIAL	34	51	3.592	3.176	1.931
CONT_BOTH	34	51	17.550	5.268	1.991
CONT	34	53	10.250	3.373	1.294
CONT_BURIAL	34	53	3.541	3.476	0.286
CONT_BOTH	34	53	13.791	6.849	1.296
CONT	34	56	15.084	2.786	1.963
CONT_BURIAL	34	56	3.421	3.476	-0.284
CONT_BOTH	34	56	18.505	6.262	1.958
CONT	34	83	15.416	3.658	1.969
CONT_BURIAL	34	83	3.427	3.463	-0.176
CONT_BOTH	34	83	18.843	7.121	1.963
CONT	34	84	8.339	3.007	1.060
CONT_BURIAL	34	84	3.788	3.474	1.505
CONT_BOTH	34	84	12.126	6.481	1.101
CONT	34	87	8.729	3.348	1.134
CONT_BURIAL	34	87	3.541	3.456	0.383
CONT_BOTH	34	87	12.269	6.804	1.131
CONT	34	89	11.176	4.176	1.346
CONT_BURIAL	34	89	3.747	3.458	1.329
CONT_BOTH	34	89	14.923	7.634	1.381
CONT	34	90	10.703	1.338	1.913
CONT_BURIAL	34	90	3.731	3.384	1.832
CONT_BOTH	34	90	14.434	4.722	1.914
CONT	34	91	6.772	3.025	0.815
CONT_BURIAL	34	91	3.504	3.464	0.181
CONT_BOTH	34	91	10.275	6.490	0.797
CONT	34	92	8.561	2.731	1.206
CONT_BURIAL	34	92	3.806	3.437	1.712
CONT_BOTH	34	92	12.367	6.168	1.250
CONT	34	93	9.249	4.510	0.760
CONT_BURIAL	34	93	3.721	3.470	1.202
CONT_BOTH	34	93	12.970	7.980	0.800
CONT	34	94	10.760	4.327	1.310
CONT_BURIAL	34	94	3.838	3.466	1.731
CONT_BOTH	34	94	14.599	7.794	1.352
CONT	34	119	5.686	1.876	0.738
CONT_BURIAL	34	119	3.590	3.416	1.248
CONT_BOTH	34	119	9.277	5.292	0.753
CONT	35	37	4.289	3.253	0.542
CONT_BURIAL	35	37	3.918	3.556	1.580
CONT_BOTH	35	37	8.207	6.809	0.735
CONT	35	89	7.337	5.247	0.707
CONT_BURIAL	35	89	3.841	3.546	1.275
CONT_BOTH	35	89	11.177	8.794	0.843
CONT	35	90	8.363	3.044	1.593
CONT_BURIAL	35	90	3.824	3.465	1.678
CONT_BOTH	35	90	12.188	6.509	1.637
CONT	35	91	4.094	4.893	-0.396
CONT_BURIAL	35	91	3.598	3.571	0.117
CONT_BOTH	35	91	7.691	8.463	-0.378
CONT	35	92	4.828	4.323	0.294
CONT_BURIAL	35	92	3.900	3.566	1.458
CONT_BOTH	35	92	8.728	7.889	0.504
CONT	35	93	5.323	4.897	0.101
CONT_BURIAL	35	93	3.815	3.565	1.144
CONT_BOTH	35	93	9.138	8.461	0.166
CONT	35	94	6.793	5.387	0.578
CONT_BURIAL	35	94	3.932	3.555	1.652
CONT_BOTH	35	94	10.725	8.942	0.756
CONT	35	116	5.154	3.383	0.861
CONT_BURIAL	35	116	3.500	3.558	-0.255
CONT_BOTH	35	116	8.654	6.941	0.810
CONT	35	118	5.284	3.996	0.748
CONT_BURIAL	35	118	3.892	3.539	1.618
CONT_BOTH	35	118	9.175	7.535	0.969
CONT	35	119	2.142	3.615	-0.532
CONT_BURIAL	35	119	3.684	3.496	1.148
CONT_BOTH	35	119	5.826	7.111	-0.462
CONT	36	38	7.866	1.559	1.569
CONT_BURIAL	36	38	3.097	3.080	0.089
CONT_BOTH	36	38	10.963	4.638	1.537
CONT	36	41	7.184	2.711	1.022
CONT_BURIAL	36	41	2.697	2.565	0.867
CONT_BOTH	36	41	9.882	5.276	1.027
CONT	36	50	7.674	3.273	1.010
CONT_BURIAL	36	50	3.465	3.232	1.160
CONT_BOTH	36	50	11.139	6.505	1.040
CONT	36	51	11.729	1.111	1.906
CONT_BURIAL	36	51	3.578	3.173	1.847
CONT_BOTH	36	51	15.307	4.284	1.906
CONT	36	87	6.236	2.133	0.957
CONT_BURIAL	36	87	3.526	3.467	0.288
CONT_BOTH	36	87	9.762	5.600	0.955
CONT	36	89	9.024	2.942	1.349
CONT_BURIAL	36	89	3.732	3.451	1.258
CONT_BOTH	36	89	12.757	6.393	1.388
CONT	36	90	8.453	0.140	1.866
CONT_BURIAL	36	90	3.716	3.379	1.781
CONT_BOTH	36	90	12.169	3.519	1.866
CONT	36	91	4.868	2.371	0.619
CONT_BURIAL	36	91	3.489	3.474	0.075
CONT_BOTH	36	91	8.357	5.844	0.602
CONT	36	92	6.174	1.704	1.050
CONT_BURIAL	36	92	3.792	3.465	1.500
CONT_BOTH	36	92	9.966	5.169	1.097
CONT	37	39	0.877	1.256	-0.326
CONT_BURIAL	37	39	2.896	2.655	1.287
CONT_BOTH	37	39	3.773	3.911	-0.122
CONT	37	40	2.276	1.361	0.876
CONT_BURIAL	37	40	2.919	2.683	1.319
CONT_BOTH	37	40	5.194	4.044	1.061
CONT	37	41	3.072	3.300	-0.126
CONT_BURIAL	37	41	2.791	2.666	0.695
CONT_BOTH	37	41	5.864	5.966	-0.057
CONT	37	50	2.936	3.579	-0.315
CONT_BURIAL	37	50	3.559	3.317	1.146
CONT_BOTH	37	50	6.495	6.896	-0.203
CONT	37	89	3.357	3.045	0.132
CONT_BURIAL	37	89	3.826	3.564	1.190
CONT_BOTH	37	89	7.183	6.608	0.255
CONT	37	91	0.772	2.306	-1.059
CONT_BURIAL	37	91	3.583	3.560	0.101
CONT_BOTH	37	91	4.355	5.866	-1.006
CONT	38	40	4.834	2.297	1.251
CONT_BURIAL	38	40	2.206	2.291	-0.566
CONT_BOTH	38	40	7.039	4.588	1.259
CONT	38	41	4.495	3.803	0.355
CONT_BURIAL	38	41	2.078	2.295	-1.422
CONT_BOTH	38	41	6.574	6.098	0.258
CONT	38	42	4.045	2.118	0.867
CONT_BURIAL	38	42	2.176	2.299	-0.841
CONT_BOTH	38	42	6.221	4.417	0.836
CONT	38	49	5.628	2.722	1.555
CONT_BURIAL	38	49	2.215	2.298	-0.541
CONT_BOTH	38	49	7.843	5.021	1.586
CONT	38	50	5.584	4.538	0.436
CONT_BURIAL	38	50	2.846	2.944	-0.491
CONT_BOTH	38	50	8.430	7.482	0.420
CONT	38	51	10.063	2.477	1.689
CONT_BURIAL	38	51	2.959	2.913	0.231
CONT_BOTH	38	51	13.022	5.390	1.658
CONT	38	89	6.881	3.858	1.046
CONT_BURIAL	38	89	3.114	3.182	-0.343
CONT_BOTH	38	89	9.995	7.040	1.086
CONT	39	41	1.964	2.626	-0.383
CONT_BURIAL	39	41	1.784	1.778	0.049
CONT_BOTH	39	41	3.748	4.404	-0.386
CONT	39	42	0.309	0.960	-0.486
CONT_BURIAL	39	42	1.881	1.787	0.857
CONT_BOTH	39	42	2.190	2.747	-0.418
CONT	39	43	2.519	0.471	1.502
CONT_BURIAL	39	43	1.881	1.778	0.910
CONT_BOTH	39	43	4.401	2.249	1.568
CONT	39	49	2.299	1.128	1.115
CONT_BURIAL	39	49	1.920	1.774	1.263
CONT_BOTH	39	49	4.219	2.902	1.234
CONT	40	42	1.913	1.619	0.248
CONT_BURIAL	40	42	1.904	1.781	1.117
CONT_BOTH	40	42	3.817	3.400	0.347
CONT	40	43	3.944	1.604	2.260
CONT_BURIAL	40	43	1.904	1.776	1.066
CONT_BOTH	40	43	5.848	3.380	2.356
CONT	40	44	2.295	1.626	0.489
CONT_BURIAL	40	44	1.891	1.778	0.958
CONT_BOTH	40	44	4.186	3.404	0.593
CONT	40	46	1.876	1.434	0.504
CONT_BURIAL	40	46	1.925	1.791	1.176
CONT_BOTH	40	46	3.800	3.224	0.649
CONT	40	49	4.228	2.523	1.684
CONT_BURIAL	40	49	1.943	1.781	1.357
CONT_BOTH	40	49	6.171	4.304	1.775
CONT	40	50	3.589	3.600	-0.006
CONT_BURIAL	40	50	2.574	2.429	0.865
CONT_BOTH	40	50	6.163	6.029	0.075
CONT	40	89	4.016	3.282	0.292
CONT_BURIAL	40	89	2.841	2.652	1.026
CONT_BOTH	40	89	6.857	5.934	0.389
CONT	41	43	4.443	2.636	0.923
CONT_BURIAL	41	43	1.777	1.784	-0.061
CONT_BOTH	41	43	6.220	4.420	0.940
CONT	41	44	2.793	2.511	0.161
CONT_BURIAL	41	44	1.764	1.784	-0.171
CONT_BOTH	41	44	4.557	4.295	0.156
CONT	41	45	3.420	3.611	-0.126
CONT_BURIAL	41	45	1.815	1.779	0.324
CONT_BOTH	41	45	5.235	5.389	-0.105
CONT	41	46	2.682	3.242	-0.349
CONT_BURIAL	41	46	1.797	1.779	0.168
CONT_BOTH	41	46	4.479	5.021	-0.348
CONT	41	47	2.876	3.630	-0.463
CONT_BURIAL	41	47	1.606	1.787	-1.566
CONT_BOTH	41	47	4.483	5.417	-0.577
CONT	41	48	2.209	2.993	-0.498
CONT_BURIAL	41	48	1.617	1.766	-1.259
CONT_BOTH	41	48	3.826	4.760	-0.600
CONT	41	49	4.537	4.145	0.234
CONT_BURIAL	41	49	1.815	1.783	0.283
CONT_BOTH	41	49	6.352	5.928	0.261
CONT	41	50	4.264	5.545	-0.591
CONT_BURIAL	41	50	2.447	2.436	0.070
CONT_BOTH	41	50	6.710	7.981	-0.612
CONT	41	51	9.037	3.516	1.155
CONT_BURIAL	41	51	2.559	2.384	0.939
CONT_BOTH	41	51	11.596	5.900	1.156
CONT	41	89	5.507	5.516	-0.003
CONT_BURIAL	41	89	2.714	2.653	0.323
CONT_BOTH	41	89	8.221	8.169	0.019
CONT	42	44	1.113	0.924	0.129
CONT_BURIAL	42	44	1.862	1.781	0.693
CONT_BOTH	42	44	2.975	2.705	0.189
CONT	42	45	1.747	1.946	-0.194
CONT_BURIAL	42	45	1.913	1.783	1.108
CONT_BOTH	42	45	3.660	3.729	-0.068
CONT	42	46	0.912	1.401	-0.393
CONT_BURIAL	42	46	1.895	1.778	1.005
CONT_BOTH	42	46	2.807	3.179	-0.302
CONT	42	49	2.619	1.973	0.510
CONT_BURIAL	42	49	1.913	1.791	1.120
CONT_BOTH	42	49	4.533	3.763	0.600
CONT	42	50	2.412	3.652	-0.660
CONT_BURIAL	42	50	2.544	2.425	0.715
CONT_BOTH	42	50	4.956	6.077	-0.622
CONT	43	45	2.630	0.773	2.006
CONT_BURIAL	43	45	1.913	1.775	1.160
CONT_BOTH	43	45	4.543	2.548	2.185
CONT	43	46	2.320	0.624	1.414
CONT_BURIAL	43	46	1.895	1.769	1.030
CONT_BOTH	43	46	4.215	2.393	1.540
CONT	43	49	3.815	1.194	2.603
CONT_BURIAL	43	49	1.913	1.773	1.214
CONT_BOTH	43	49	5.729	2.967	2.716
CONT	44	46	1.388	0.974	0.309
CONT_BURIAL	44	46	1.882	1.770	0.986
CONT_BOTH	44	46	3.271	2.744	0.410
CONT	44	47	1.654	1.061	0.454
CONT_BURIAL	44	47	1.691	1.770	-0.686
CONT_BOTH	44	47	3.346	2.831	0.397
CONT	44	48	0.890	0.150	0.698
CONT_BURIAL	44	48	1.702	1.784	-0.781
CONT_BOTH	44	48	2.592	1.935	0.625
CONT	44	49	3.468	2.049	0.953
CONT_BURIAL	44	49	1.900	1.769	1.121
CONT_BOTH	44	49	5.368	3.818	1.084
CONT	44	50	2.614	2.875	-0.135
CONT_BURIAL	44	50	2.532	2.444	0.562
CONT_BOTH	44	50	5.146	5.319	-0.095
CONT	45	47	2.144	1.690	0.487
CONT_BURIAL	45	47	1.743	1.779	-0.321
CONT_BOTH	45	47	3.886	3.469	0.429
CONT	45	49	3.497	2.013	1.796
CONT_BURIAL	45	49	1.952	1.786	1.446
CONT_BOTH	45	49	5.448	3.799	1.973
CONT	46	48	1.662	1.231	0.420
CONT_BURIAL	46	48	1.735	1.781	-0.406
CONT_BOTH	46	48	3.397	3.012	0.368
CONT	46	49	3.026	2.818	0.190
CONT_BURIAL	46	49	1.934	1.776	1.367
CONT_BOTH	46	49	4.960	4.595	0.346
CONT	46	50	2.479	3.649	-0.602
CONT_BURIAL	46	50	2.565	2.432	0.801
CONT_BOTH	46	50	5.044	6.081	-0.562
CONT	47	49	3.329	2.023	1.119
CONT_BURIAL	47	49	1.743	1.769	-0.229
CONT_BOTH	47	49	5.072	3.792	1.052
CONT	47	50	3.050	3.665	-0.349
CONT_BURIAL	47	50	2.374	2.440	-0.429
CONT_BOTH	47	50	5.424	6.105	-0.397
CONT	47	52	0.970	1.642	-0.417
CONT_BURIAL	47	52	1.688	1.778	-0.774
CONT_BOTH	47	52	2.658	3.420	-0.490
CONT	48	50	2.281	2.874	-0.341
CONT_BURIAL	48	50	2.384	2.437	-0.325
CONT_BOTH	48	50	4.665	5.311	-0.380
CONT	48	52	-0.024	0.815	-0.530
CONT_BURIAL	48	52	1.699	1.777	-0.668
CONT_BOTH	48	52	1.674	2.592	-0.605
CONT	49	51	9.830	2.313	1.624
CONT_BURIAL	49	51	2.696	2.384	1.697
CONT_BOTH	49	51	12.526	4.697	1.633
CONT	49	89	4.883	3.614	0.525
CONT_BURIAL	49	89	2.850	2.662	1.017
CONT_BOTH	49	89	7.734	6.276	0.639
CONT	50	52	1.769	3.587	-0.762
CONT_BURIAL	50	52	2.528	2.430	0.612
CONT_BOTH	50	52	4.297	6.017	-0.757
CONT	50	53	5.444	5.080	0.097
CONT_BURIAL	50	53	3.276	3.328	-0.232
CONT_BOTH	50	53	8.719	8.408	0.088
CONT	50	89	5.259	5.253	0.002
CONT_BURIAL	50	89	3.482	3.323	0.693
CONT_BOTH	50	89	8.741	8.576	0.053
CONT	51	53	9.595	2.389	1.408
CONT_BURIAL	51	53	3.388	3.267	0.525
CONT_BOTH	51	53	12.984	5.656	1.415
CONT	51	54	6.199	1.793	0.866
CONT_BURIAL	51	54	2.657	2.396	1.365
CONT_BOTH	51	54	8.856	4.189	0.893
CONT	51	55	6.050	1.233	0.989
CONT_BURIAL	51	55	2.687	2.378	1.655
CONT_BOTH	51	55	8.737	3.612	1.021
CONT	51	56	14.584	2.661	1.897
CONT_BURIAL	51	56	3.269	3.267	0.011
CONT_BOTH	51	56	17.854	5.928	1.895
CONT	51	83	15.274	2.744	2.204
CONT_BURIAL	51	83	3.275	3.263	0.050
CONT_BOTH	51	83	18.549	6.008	2.201
CONT	51	86	9.651	3.472	1.316
CONT_BURIAL	51	86	2.679	2.392	1.536
CONT_BOTH	51	86	12.331	5.864	1.332
CONT	51	87	8.059	2.680	1.146
CONT_BURIAL	51	87	3.388	3.285	0.441
CONT_BOTH	51	87	11.447	5.965	1.142
CONT	51	89	10.872	3.549	1.424
CONT_BURIAL	51	89	3.595	3.266	1.404
CONT_BOTH	51	89	14.466	6.815	1.457
CONT	51	90	10.284	0.906	1.975
CONT_BURIAL	51	90	3.578	3.193	1.857
CONT_BOTH	51	90	13.862	4.098	1.973
CONT	52	54	-0.609	1.506	-0.790
CONT_BURIAL	52	54	1.859	1.770	0.768
CONT_BOTH	52	54	1.250	3.275	-0.788
CONT	52	55	-0.890	1.543	-1.047
CONT_BURIAL	52	55	1.888	1.773	0.985
CONT_BOTH	52	55	0.998	3.316	-1.044
CONT	52	56	8.010	2.541	1.080
CONT_BURIAL	52	56	2.470	2.652	-1.094
CONT_BOTH	52	56	10.481	5.193	1.078
CONT	52	57	2.969	1.919	0.373
CONT_BURIAL	52	57	2.540	2.659	-0.618
CONT_BOTH	52	57	5.509	4.577	0.353
CONT	52	87	1.640	3.077	-0.587
CONT_BURIAL	52	87	2.590	2.663	-0.406
CONT_BOTH	52	87	4.230	5.740	-0.661
CONT	53	55	2.036	2.319	-0.082
CONT_BURIAL	53	55	2.635	2.666	-0.177
CONT_BOTH	53	55	4.672	4.986	-0.096
CONT	53	56	10.338	2.585	1.460
CONT_BURIAL	53	56	3.218	3.571	-1.709
CONT_BOTH	53	56	13.556	6.156	1.446
CONT	53	57	5.184	2.628	0.714
CONT_BURIAL	53	57	3.287	3.563	-1.170
CONT_BOTH	53	57	8.472	6.191	0.680
CONT	54	56	7.127	1.903	0.981
CONT_BURIAL	54	56	2.486	2.660	-1.035
CONT_BOTH	54	56	9.613	4.563	0.978
CONT	54	57	1.883	1.262	0.239
CONT_BURIAL	54	57	2.556	2.673	-0.654
CONT_BOTH	54	57	4.440	3.935	0.207
CONT	54	58	-2.092	0.109	-1.000
CONT_BURIAL	54	58	1.904	1.772	1.182
CONT_BOTH	54	58	-0.188	1.881	-0.982
CONT	54	59	-0.930	1.766	-0.863
CONT_BURIAL	54	59	2.871	2.648	1.187
CONT_BOTH	54	59	1.941	4.414	-0.838
CONT	55	57	1.602	1.069	0.221
CONT_BURIAL	55	57	2.586	2.666	-0.455
CONT_BOTH	55	57	4.188	3.735	0.201
CONT	55	58	-2.095	0.202	-1.216
CONT_BURIAL	55	58	1.934	1.775	1.299
CONT_BOTH	55	58	-0.161	1.977	-1.200
CONT	55	59	-1.492	1.448	-1.070
CONT_BURIAL	55	59	2.901	2.664	1.296
CONT_BOTH	55	59	1.408	4.111	-1.049
CONT	55	83	7.163	1.959	1.179
CONT_BURIAL	55	83	2.522	2.675	-0.857
CONT_BOTH	55	83	9.685	4.633	1.189
CONT	55	86	0.515	2.055	-0.884
CONT_BURIAL	55	86	1.926	1.777	1.241
CONT_BOTH	55	86	2.441	3.832	-0.844
CONT	55	87	0.524	2.355	-0.808
CONT_BURIAL	55	87	2.635	2.666	-0.165
CONT_BOTH	55	87	3.159	5.021	-0.889
CONT	56	58	6.487	0.967	1.083
CONT_BURIAL	56	58	2.516	2.660	-0.843
CONT_BOTH	56	58	9.003	3.627	1.088
CONT	56	59	8.619	3.517	0.900
CONT_BURIAL	56	59	3.483	3.541	-0.257
CONT_BOTH	56	59	12.102	7.058	0.922
CONT	56	60	17.011	2.891	1.747
CONT_BURIAL	56	60	3.408	3.464	-0.295
CONT_BOTH	56	60	20.419	6.354	1.735
CONT	56	79	17.494	3.468	1.995
CONT_BURIAL	56	79	3.264	3.498	-1.555
CONT_BOTH	56	79	20.758	6.966	1.988
CONT	56	82	8.402	1.919	1.251
CONT_BURIAL	56	82	3.424	3.569	-0.692
CONT_BOTH	56	82	11.825	5.488	1.266
CONT	56	83	15.741	3.914	2.023
CONT_BURIAL	56	83	3.104	3.536	-1.952
CONT_BOTH	56	83	18.844	7.449	2.023
CONT	56	86	10.441	4.123	1.196
CONT_BURIAL	56	86	2.508	2.656	-0.815
CONT_BOTH	56	86	12.949	6.779	1.205
CONT	56	87	8.908	3.312	1.089
CONT_BURIAL	56	87	3.218	3.556	-1.535
CONT_BOTH	56	87	12.126	6.868	1.062
CONT	56	90	11.315	1.478	1.861
CONT_BURIAL	56	90	3.408	3.462	-0.249
CONT_BOTH	56	90	14.723	4.940	1.872
CONT	56	93	9.644	4.696	0.823
CONT_BURIAL	56	93	3.398	3.529	-0.604
CONT_BOTH	56	93	13.042	8.225	0.830
CONT	57	59	3.143	2.323	0.260
CONT_BURIAL	57	59	3.553	3.559	-0.026
CONT_BOTH	57	59	6.695	5.881	0.278
CONT	57	60	11.956	2.284	1.478
CONT_BURIAL	57	60	3.477	3.489	-0.055
CONT_BOTH	57	60	15.433	5.773	1.457
CONT	57	61	3.172	1.743	0.438
CONT_BURIAL	57	61	3.572	3.553	0.078
CONT_BOTH	57	61	6.743	5.296	0.475
CONT	58	60	8.380	1.025	1.074
CONT_BURIAL	58	60	2.825	2.578	1.503
CONT_BOTH	58	60	11.205	3.603	1.089
CONT	58	61	-2.104	0.296	-0.861
CONT_BURIAL	58	61	2.920	2.670	1.425
CONT_BOTH	58	61	0.816	2.965	-0.818
CONT	58	62	-1.323	0.149	-1.054
CONT_BURIAL	58	62	1.910	1.784	1.046
CONT_BOTH	58	62	0.587	1.934	-1.024
CONT	59	61	-1.171	2.054	-0.888
CONT_BURIAL	59	61	3.886	3.519	1.514
CONT_BOTH	59	61	2.716	5.573	-0.840
CONT	59	62	0.617	2.535	-0.698
CONT_BURIAL	59	62	2.877	2.664	1.199
CONT_BOTH	59	62	3.494	5.199	-0.657
CONT	59	63	5.166	2.513	0.729
CONT_BURIAL	59	63	3.501	3.535	-0.148
CONT_BOTH	59	63	8.667	6.048	0.763
CONT	59	79	10.399	2.862	1.206
CONT_BURIAL	59	79	3.649	3.512	0.809
CONT_BOTH	59	79	14.048	6.375	1.240
CONT	59	82	0.624	2.508	-0.681
CONT_BURIAL	59	82	3.808	3.561	1.212
CONT_BOTH	59	82	4.432	6.069	-0.635
CONT	59	83	9.370	4.116	1.109
CONT_BURIAL	59	83	3.488	3.548	-0.258
CONT_BOTH	59	83	12.858	7.664	1.146
CONT	59	86	2.057	3.308	-0.445
CONT_BURIAL	59	86	2.893	2.679	1.160
CONT_BOTH	59	86	4.951	5.987	-0.392
CONT	59	87	1.883	3.450	-0.565
CONT_BURIAL	59	87	3.602	3.562	0.178
CONT_BOTH	59	87	5.485	7.012	-0.596
CONT	60	62	9.984	1.310	1.318
CONT_BURIAL	60	62	2.802	2.555	1.575
CONT_BOTH	60	62	12.786	3.865	1.329
CONT	60	63	13.819	2.126	1.865
CONT_BURIAL	60	63	3.426	3.451	-0.117
CONT_BOTH	60	63	17.245	5.576	1.838
CONT	60	64	11.371	3.672	1.145
CONT_BURIAL	60	64	3.490	3.466	0.111
CONT_BOTH	60	64	14.861	7.137	1.138
CONT	60	65	7.869	1.594	0.891
CONT_BURIAL	60	65	3.792	3.463	1.558
CONT_BOTH	60	65	11.662	5.057	0.926
CONT	60	75	18.606	4.853	1.752
CONT_BURIAL	60	75	3.427	3.476	-0.228
CONT_BOTH	60	75	22.033	8.329	1.741
CONT	60	79	18.993	3.061	1.939
CONT_BURIAL	60	79	3.573	3.415	1.169
CONT_BOTH	60	79	22.566	6.476	1.935
CONT	60	82	10.249	2.150	1.171
CONT_BURIAL	60	82	3.733	3.468	1.291
CONT_BOTH	60	82	13.982	5.618	1.194
CONT	60	83	17.862	4.022	1.825
CONT_BURIAL	60	83	3.413	3.468	-0.267
CONT_BOTH	60	83	21.275	7.489	1.812
CONT	60	95	18.172	3.443	1.900
CONT_BURIAL	60	95	3.717	3.374	1.897
CONT_BOTH	60	95	21.888	6.817	1.901
CONT	61	63	4.581	1.075	0.913
CONT_BURIAL	61	63	3.520	3.540	-0.087
CONT_BOTH	61	63	8.101	4.615	0.961
CONT	61	64	2.471	1.999	0.119
CONT_BURIAL	61	64	3.584	3.564	0.086
CONT_BOTH	61	64	6.056	5.563	0.131
CONT	61	65	-2.609	1.216	-1.005
CONT_BURIAL	61	65	3.886	3.551	1.452
CONT_BOTH	61	65	1.278	4.767	-0.973
CONT	61	66	0.078	1.396	-0.477
CONT_BURIAL	61	66	2.890	2.671	1.226
CONT_BOTH	61	66	2.968	4.067	-0.422
CONT	62	64	2.282	1.905	0.121
CONT_BURIAL	62	64	2.575	2.664	-0.482
CONT_BOTH	62	64	4.856	4.569	0.097
CONT	62	65	-2.168	0.306	-0.991
CONT_BURIAL	62	65	2.877	2.673	1.134
CONT_BOTH	62	65	0.709	2.980	-0.969
CONT	62	66	0.715	1.849	-0.681
CONT_BURIAL	62	66	1.881	1.780	0.878
CONT_BOTH	62	66	2.596	3.629	-0.646
CONT	62	79	10.210	2.552	1.282
CONT_BURIAL	62	79	2.658	2.625	0.402
CONT_BOTH	62	79	12.868	5.177	1.286
CONT	62	82	0.196	0.663	-0.210
CONT_BURIAL	62	82	2.818	2.674	0.808
CONT_BOTH	62	82	3.014	3.337	-0.155
CONT	63	65	2.843	0.583	0.641
CONT_BURIAL	63	65	3.501	3.571	-0.322
CONT_BOTH	63	65	6.344	4.154	0.659
CONT	63	66	5.644	2.022	1.102
CONT_BURIAL	63	66	2.505	2.671	-0.964
CONT_BOTH	63	66	8.149	4.693	1.106
CONT	63	67	4.231	1.009	1.032
CONT_BURIAL	63	67	2.550	2.674	-0.727
CONT_BOTH	63	67	6.782	3.683	1.046
CONT	63	69	8.906	1.957	2.109
CONT_BURIAL	63	69	3.101	3.552	-1.957
CONT_BOTH	63	69	12.007	5.509	2.111
CONT	63	75	12.994	2.601	2.054
CONT_BURIAL	63	75	3.136	3.570	-2.015
CONT_BOTH	63	75	16.130	6.172	2.051
CONT	63	76	11.256	2.165	1.530
CONT_BURIAL	63	76	3.265	3.522	-1.436
CONT_BOTH	63	76	14.520	5.687	1.526
CONT	63	78	3.593	1.198	0.679
CONT_BURIAL	63	78	3.442	3.551	-0.487
CONT_BOTH	63	78	7.035	4.748	0.690
CONT	63	79	14.071	2.697	1.991
CONT_BURIAL	63	79	3.282	3.495	-1.413
CONT_BOTH	63	79	17.353	6.192	1.973
CONT	63	82	5.444	1.696	1.083
CONT_BURIAL	63	82	3.442	3.537	-0.424
CONT_BOTH	63	82	8.886	5.234	1.121
CONT	64	66	2.800	3.127	-0.100
CONT_BURIAL	64	66	2.569	2.649	-0.428
CONT_BOTH	64	66	5.369	5.776	-0.131
CONT	64	75	10.927	3.784	1.243
CONT_BURIAL	64	75	3.200	3.562	-1.531
CONT_BOTH	64	75	14.127	7.347	1.228
CONT	64	79	11.518	2.859	1.407
CONT_BURIAL	64	79	3.346	3.518	-1.049
CONT_BOTH	64	79	14.865	6.377	1.395
CONT	64	97	9.772	1.962	1.490
CONT_BURIAL	64	97	2.726	2.431	0.784
CONT_BOTH	64	97	12.498	4.393	1.493
CONT	66	68	0.111	1.861	-1.085
CONT_BURIAL	66	68	2.616	2.646	-0.158
CONT_BOTH	66	68	2.728	4.507	-1.113
CONT	66	69	5.134	2.641	1.038
CONT_BURIAL	66	69	2.471	2.661	-1.060
CONT_BOTH	66	69	7.605	5.302	1.028
CONT	67	69	3.943	1.580	1.011
CONT_BURIAL	67	69	2.517	2.661	-0.840
CONT_BOTH	67	69	6.460	4.241	1.019
CONT	68	70	0.723	2.051	-1.197
CONT_BURIAL	68	70	3.595	3.545	0.215
CONT_BOTH	68	70	4.318	5.596	-1.096
CONT	69	71	6.649	2.146	2.333
CONT_BURIAL	69	71	2.337	2.688	-1.958
CONT_BOTH	69	71	8.986	4.834	2.344
CONT	69	72	10.806	3.350	1.924
CONT_BURIAL	69	72	3.106	3.575	-2.032
CONT_BOTH	69	72	13.912	6.925	1.909
CONT	69	73	3.125	2.302	0.261
CONT_BURIAL	69	73	3.467	3.552	-0.351
CONT_BOTH	69	73	6.592	5.854	0.253
CONT	69	74	4.027	1.524	1.126
CONT_BURIAL	69	74	2.455	2.660	-1.116
CONT_BOTH	69	74	6.482	4.184	1.118
CONT	69	75	12.704	3.198	1.964
CONT_BURIAL	69	75	3.102	3.558	-2.047
CONT_BOTH	69	75	15.806	6.757	1.946
CONT	69	78	3.014	1.176	0.628
CONT_BURIAL	69	78	3.408	3.564	-0.706
CONT_BOTH	69	78	6.422	4.740	0.620
CONT	70	72	8.025	3.910	1.106
CONT_BURIAL	70	72	3.488	3.554	-0.274
CONT_BOTH	70	72	11.513	7.464	1.140
CONT	70	73	-0.257	2.343	-1.053
CONT_BURIAL	70	73	3.849	3.573	1.210
CONT_BOTH	70	73	3.592	5.915	-1.008
CONT	70	74	0.815	1.533	-0.496
CONT_BURIAL	70	74	2.837	2.662	0.929
CONT_BOTH	70	74	3.652	4.194	-0.406
CONT	70	75	10.319	4.056	1.222
CONT_BURIAL	70	75	3.484	3.552	-0.286
CONT_BOTH	70	75	13.804	7.608	1.251
CONT	71	73	1.672	2.253	-0.218
CONT_BURIAL	71	73	2.737	2.694	0.234
CONT_BOTH	71	73	4.409	4.947	-0.217
CONT	71	74	2.563	1.334	0.789
CONT_BURIAL	71	74	1.725	1.798	-0.650
CONT_BOTH	71	74	4.288	3.132	0.795
CONT	71	75	11.714	3.619	1.578
CONT_BURIAL	71	75	2.372	2.688	-1.695
CONT_BOTH	71	75	14.086	6.307	1.571
CONT	71	76	9.338	2.611	1.261
CONT_BURIAL	71	76	2.501	2.663	-1.273
CONT_BOTH	71	76	11.839	5.274	1.256
CONT	71	77	1.537	1.855	-0.126
CONT_BURIAL	71	77	2.017	2.020	-0.026
CONT_BOTH	71	77	3.554	3.875	-0.134
CONT	71	113	8.812	2.050	1.760
CONT_BURIAL	71	113	2.653	2.601	0.332
CONT_BOTH	71	113	11.465	4.651	1.728
CONT	72	74	6.277	2.259	1.082
CONT_BURIAL	72	74	2.494	2.670	-1.009
CONT_BOTH	72	74	8.771	4.930	1.083
CONT	72	75	14.799	3.999	1.908
CONT_BURIAL	72	75	3.141	3.582	-1.863
CONT_BOTH	72	75	17.940	7.581	1.908
CONT	72	76	12.145	3.583	1.451
CONT_BURIAL	72	76	3.270	3.529	-1.419
CONT_BOTH	72	76	15.415	7.112	1.447
CONT	72	77	5.388	2.969	0.595
CONT_BURIAL	72	77	2.786	2.902	-0.609
CONT_BOTH	72	77	8.174	5.871	0.593
CONT	72	95	15.220	3.806	1.856
CONT_BURIAL	72	95	3.431	3.442	-0.052
CONT_BOTH	72	95	18.651	7.248	1.845
CONT	72	96	8.375	4.335	1.075
CONT_BURIAL	72	96	3.094	3.228	-0.640
CONT_BOTH	72	96	11.469	7.563	1.093
CONT	72	97	14.464	3.513	1.920
CONT_BURIAL	72	97	2.667	2.437	0.617
CONT_BOTH	72	97	17.131	5.950	1.907
CONT	72	98	8.011	4.659	0.845
CONT_BURIAL	72	98	3.421	3.553	-0.592
CONT_BOTH	72	98	11.433	8.213	0.850
CONT	72	99	7.280	4.212	0.684
CONT_BURIAL	72	99	3.539	3.576	-0.159
CONT_BOTH	72	99	10.819	7.788	0.710
CONT	72	111	8.080	2.394	1.678
CONT_BURIAL	72	111	2.364	2.714	-1.969
CONT_BOTH	72	111	10.443	5.108	1.654
CONT	72	112	6.325	1.967	1.144
CONT_BURIAL	72	112	3.191	3.445	-1.203
CONT_BOTH	72	112	9.517	5.412	1.112
CONT	72	113	12.538	2.931	2.006
CONT_BURIAL	72	113	3.422	3.448	-0.128
CONT_BOTH	72	113	15.960	6.380	2.001
CONT	72	114	7.952	3.892	1.137
CONT_BURIAL	72	114	3.051	3.148	-0.497
CONT_BOTH	72	114	11.003	7.040	1.163
CONT	72	115	12.306	3.706	1.801
CONT_BURIAL	72	115	3.278	3.501	-1.381
CONT_BOTH	72	115	15.585	7.207	1.801
CONT	73	75	7.581	3.633	0.700
CONT_BURIAL	73	75	3.502	3.545	-0.182
CONT_BOTH	73	75	11.083	7.178	0.720
CONT	73	76	5.422	2.696	0.450
CONT_BURIAL	73	76	3.631	3.538	0.495
CONT_BOTH	73	76	9.053	6.234	0.477
CONT	73	77	-1.879	2.615	-1.333
CONT_BURIAL	73	77	3.147	2.898	1.265
CONT_BOTH	73	77	1.268	5.513	-1.334
CONT	73	97	7.108	1.903	0.929
CONT_BURIAL	73	97	3.028	2.408	1.670
CONT_BOTH	73	97	10.136	4.311	1.000
CONT	73	112	-1.947	0.774	-0.978
CONT_BURIAL	73	112	3.552	3.464	0.394
CONT_BOTH	73	112	1.606	4.237	-0.970
CONT	73	113	5.939	2.400	0.747
CONT_BURIAL	73	113	3.783	3.450	1.584
CONT_BOTH	73	113	9.722	5.849	0.807
CONT	73	115	5.195	1.846	0.834
CONT_BURIAL	73	115	3.640	3.515	0.784
CONT_BOTH	73	115	8.834	5.361	0.882
CONT	74	76	5.984	0.811	0.997
CONT_BURIAL	74	76	2.619	2.662	-0.380
CONT_BOTH	74	76	8.603	3.473	1.006
CONT	74	77	-1.270	1.658	-1.233
CONT_BURIAL	74	77	2.134	1.994	1.044
CONT_BOTH	74	77	0.865	3.652	-1.241
CONT	74	78	-1.558	0.679	-0.835
CONT_BURIAL	74	78	2.796	2.658	0.751
CONT_BOTH	74	78	1.237	3.337	-0.839
CONT	75	77	7.597	3.329	0.785
CONT_BURIAL	75	77	2.782	2.879	-0.507
CONT_BOTH	75	77	10.379	6.209	0.794
CONT	75	78	7.834	2.754	0.950
CONT_BURIAL	75	78	3.443	3.556	-0.513
CONT_BOTH	75	78	11.277	6.310	0.963
CONT	75	79	18.211	4.537	1.896
CONT_BURIAL	75	79	3.283	3.491	-1.286
CONT_BOTH	75	79	21.494	8.028	1.895
CONT	75	95	17.469	4.235	1.942
CONT_BURIAL	75	95	3.427	3.452	-0.113
CONT_BOTH	75	95	20.896	7.687	1.937
CONT	75	97	16.445	3.500	1.891
CONT_BURIAL	75	97	2.663	2.373	0.780
CONT_BOTH	75	97	19.108	5.873	1.904
CONT	75	113	14.884	1.933	2.232
CONT_BURIAL	75	113	3.418	3.457	-0.186
CONT_BOTH	75	113	18.302	5.390	2.243
CONT	76	78	4.907	1.530	0.574
CONT_BURIAL	76	78	3.572	3.535	0.200
CONT_BOTH	76	78	8.479	5.065	0.594
CONT	76	79	15.538	2.632	1.773
CONT_BURIAL	76	79	3.412	3.485	-0.765
CONT_BOTH	76	79	18.950	6.117	1.778
CONT	76	80	9.294	2.777	1.195
CONT_BURIAL	76	80	3.376	3.538	-0.865
CONT_BOTH	76	80	12.670	6.315	1.195
CONT	76	81	6.695	0.972	1.073
CONT_BURIAL	76	81	2.704	2.694	0.088
CONT_BOTH	76	81	9.398	3.665	1.091
CONT	76	93	7.966	3.567	0.710
CONT_BURIAL	76	93	3.546	3.536	0.054
CONT_BOTH	76	93	11.512	7.103	0.729
CONT	76	94	9.418	3.966	0.986
CONT_BURIAL	76	94	3.663	3.551	0.601
CONT_BOTH	76	94	13.081	7.518	1.028
CONT	76	95	15.471	3.371	1.617
CONT_BURIAL	76	95	3.556	3.464	0.525
CONT_BOTH	76	95	19.027	6.835	1.619
CONT	76	96	8.030	3.218	0.878
CONT_BURIAL	76	96	3.219	3.209	0.065
CONT_BOTH	76	96	11.249	6.426	0.897
CONT	76	97	13.791	2.410	1.734
CONT_BURIAL	76	97	2.792	2.421	0.999
CONT_BOTH	76	97	16.583	4.831	1.752
CONT	76	112	5.795	0.602	0.898
CONT_BURIAL	76	112	3.316	3.441	-0.758
CONT_BOTH	76	112	9.111	4.042	0.884
CONT	76	113	12.270	2.216	1.636
CONT_BURIAL	76	113	3.547	3.447	0.616
CONT_BOTH	76	113	15.817	5.664	1.649
CONT	76	114	7.641	3.352	0.764
CONT_BURIAL	76	114	3.176	3.102	0.495
CONT_BOTH	76	114	10.817	6.454	0.791
CONT	76	115	11.886	1.767	1.748
CONT_BURIAL	76	115	3.403	3.491	-0.962
CONT_BOTH	76	115	15.289	5.259	1.757
CONT	76	117	9.235	3.663	0.970
CONT_BURIAL	76	117	3.572	3.513	0.309
CONT_BOTH	76	117	12.807	7.177	0.999
CONT	77	79	8.865	2.413	1.058
CONT_BURIAL	77	79	2.928	2.851	0.781
CONT_BOTH	77	79	11.793	5.264	1.075
CONT	77	80	2.587	2.909	-0.123
CONT_BURIAL	77	80	2.892	2.894	-0.008
CONT_BOTH	77	80	5.480	5.802	-0.133
CONT	77	81	-0.510	1.262	-0.755
CONT_BURIAL	77	81	2.220	2.064	1.206
CONT_BOTH	77	81	1.710	3.326	-0.722
CONT	77	95	7.819	2.405	0.896
CONT_BURIAL	77	95	3.072	2.792	1.707
CONT_BOTH	77	95	10.891	5.197	0.929
CONT	77	115	5.214	1.765	0.858
CONT_BURIAL	77	115	2.919	2.856	0.612
CONT_BOTH	77	115	8.133	4.621	0.885
CONT	77	117	0.532	2.594	-0.827
CONT_BURIAL	77	117	3.088	2.883	1.029
CONT_BOTH	77	117	3.620	5.477	-0.792
CONT	78	80	2.095	1.992	0.032
CONT_BURIAL	78	80	3.553	3.552	0.007
CONT_BOTH	78	80	5.648	5.544	0.035
CONT	78	81	-0.935	0.731	-0.618
CONT_BURIAL	78	81	2.881	2.711	0.938
CONT_BOTH	78	81	1.946	3.442	-0.591
CONT	78	82	-0.469	1.068	-0.495
CONT_BURIAL	78	82	3.749	3.566	0.826
CONT_BOTH	78	82	3.280	4.635	-0.467
CONT	78	95	7.541	2.148	0.906
CONT_BURIAL	78	95	3.733	3.449	1.317
CONT_BOTH	78	95	11.274	5.597	0.940
CONT	79	81	10.589	1.873	1.447
CONT_BURIAL	79	81	2.721	2.676	0.533
CONT_BOTH	79	81	13.310	4.549	1.456
CONT	79	82	10.638	2.303	1.317
CONT_BURIAL	79	82	3.589	3.518	0.445
CONT_BOTH	79	82	14.228	5.821	1.336
CONT	79	83	17.739	3.571	2.176
CONT_BURIAL	79	83	3.270	3.521	-1.622
CONT_BOTH	79	83	21.008	7.092	2.166
CONT	79	84	10.775	3.499	1.181
CONT_BURIAL	79	84	3.630	3.507	0.781
CONT_BOTH	79	84	14.406	7.006	1.208
CONT	79	93	11.576	3.947	1.129
CONT_BURIAL	79	93	3.564	3.505	0.370
CONT_BOTH	79	93	15.140	7.452	1.151
CONT	79	95	18.170	2.837	2.082
CONT_BURIAL	79	95	3.573	3.421	1.116
CONT_BOTH	79	95	21.743	6.259	2.077
CONT	79	97	17.464	1.690	2.269
CONT_BURIAL	79	97	2.809	2.353	1.314
CONT_BOTH	79	97	20.273	4.043	2.272
CONT	79	115	15.561	2.224	2.097
CONT_BURIAL	79	115	3.421	3.461	-1.512
CONT_BOTH	79	115	18.982	5.686	2.092
CONT	79	117	12.979	4.034	1.473
CONT_BURIAL	79	117	3.589	3.527	0.393
CONT_BOTH	79	117	16.568	7.561	1.488
CONT	80	82	3.978	2.237	0.676
CONT_BURIAL	80	82	3.554	3.564	-0.047
CONT_BOTH	80	82	7.532	5.801	0.729
CONT	80	83	11.267	3.518	2.039
CONT_BURIAL	80	83	3.234	3.587	-1.636
CONT_BOTH	80	83	14.500	7.105	2.044
CONT	80	84	4.383	3.401	0.349
CONT_BURIAL	80	84	3.594	3.567	0.119
CONT_BOTH	80	84	7.978	6.968	0.381
CONT	80	85	3.735	1.850	0.901
CONT_BURIAL	80	85	2.622	2.674	-0.282
CONT_BOTH	80	85	6.358	4.525	0.947
CONT	80	92	4.289	3.373	0.417
CONT_BURIAL	80	92	3.613	3.557	0.249
CONT_BOTH	80	92	7.902	6.930	0.480
CONT	80	93	5.154	4.756	0.087
CONT_BURIAL	80	93	3.528	3.563	-0.146
CONT_BOTH	80	93	8.682	8.318	0.083
CONT	80	94	6.511	4.808	0.599
CONT_BURIAL	80	94	3.645	3.549	0.404
CONT_BOTH	80	94	10.156	8.357	0.673
CONT	80	95	11.701	3.449	1.478
CONT_BURIAL	80	95	3.537	3.454	0.382
CONT_BOTH	80	95	15.239	6.903	1.467
CONT	80	115	9.035	2.497	1.802
CONT_BURIAL	80	115	3.385	3.512	-0.766
CONT_BOTH	80	115	12.420	6.009	1.807
CONT	80	116	4.310	2.937	0.665
CONT_BURIAL	80	116	3.213	3.545	-1.417
CONT_BOTH	80	116	7.523	6.482	0.523
CONT	80	117	6.421	3.849	1.152
CONT_BURIAL	80	117	3.554	3.548	0.022
CONT_BOTH	80	117	9.975	7.398	1.249
CONT	80	118	5.715	3.422	1.050
CONT_BURIAL	80	118	3.604	3.554	0.222
CONT_BOTH	80	118	9.320	6.976	1.138
CONT	80	119	1.466	2.442	-0.307
CONT_BURIAL	80	119	3.397	3.491	-0.572
CONT_BOTH	80	119	4.863	5.933	-0.347
CONT	81	83	8.715	1.832	1.671
CONT_BURIAL	81	83	2.561	2.713	-0.859
CONT_BOTH	81	83	11.276	4.545	1.696
CONT	81	84	0.649	2.272	-0.757
CONT_BURIAL	81	84	2.922	2.703	1.207
CONT_BOTH	81	84	3.571	4.976	-0.694
CONT	81	85	0.469	0.293	0.128
CONT_BURIAL	81	85	1.950	1.818	1.106
CONT_BOTH	81	85	2.419	2.111	0.242
CONT	81	93	1.556	2.254	-0.172
CONT_BURIAL	81	93	2.855	2.719	0.755
CONT_BOTH	81	93	4.411	4.973	-0.144
CONT	81	117	2.486	1.702	0.562
CONT_BURIAL	81	117	2.881	2.703	0.943
CONT_BOTH	81	117	5.367	4.405	0.762
CONT	82	84	0.305	1.915	-0.597
CONT_BURIAL	82	84	3.790	3.550	1.105
CONT_BOTH	82	84	4.095	5.465	-0.543
CONT	82	85	0.909	0.946	-0.016
CONT_BURIAL	82	85	2.818	2.661	0.852
CONT_BOTH	82	85	3.727	3.607	0.056
CONT	82	86	2.581	2.672	-0.038
CONT_BURIAL	82	86	2.834	2.665	0.911
CONT_BOTH	82	86	5.415	5.336	0.036
CONT	82	93	1.633	2.323	-0.158
CONT_BURIAL	82	93	3.723	3.576	0.658
CONT_BOTH	82	93	5.357	5.899	-0.130
CONT	83	85	8.566	2.141	1.506
CONT_BURIAL	83	85	2.498	2.662	-0.904
CONT_BOTH	83	85	11.065	4.803	1.525
CONT	83	86	11.152	4.533	1.578
CONT_BURIAL	83	86	2.514	2.664	-0.855
CONT_BOTH	83	86	13.666	7.198	1.599
CONT	83	87	9.187	3.437	1.485
CONT_BURIAL	83	87	3.223	3.590	-1.774
CONT_BOTH	83	87	12.410	7.028	1.456
CONT	83	90	11.709	1.543	2.277
CONT_BURIAL	83	90	3.413	3.470	-0.281
CONT_BOTH	83	90	15.122	5.013	2.288
CONT	83	93	10.291	5.454	0.845
CONT_BURIAL	83	93	3.404	3.532	-0.533
CONT_BOTH	83	93	13.695	8.987	0.858
CONT	83	95	17.037	4.584	1.950
CONT_BURIAL	83	95	3.413	3.470	-0.268
CONT_BOTH	83	95	20.450	8.055	1.938
CONT	83	117	11.459	3.705	1.761
CONT_BURIAL	83	117	3.429	3.561	-0.591
CONT_BOTH	83	117	14.888	7.266	1.794
CONT	83	119	6.797	2.117	0.988
CONT_BURIAL	83	119	3.273	3.518	-1.511
CONT_BOTH	83	119	10.070	5.634	0.964
CONT	84	86	2.613	3.568	-0.455
CONT_BURIAL	84	86	2.875	2.669	1.125
CONT_BOTH	84	86	5.487	6.237	-0.378
CONT	84	87	2.389	3.863	-0.548
CONT_BURIAL	84	87	3.584	3.553	0.135
CONT_BOTH	84	87	5.973	7.416	-0.570
CONT	84	88	0.988	2.351	-0.689
CONT_BURIAL	84	88	2.875	2.667	1.183
CONT_BOTH	84	88	3.862	5.018	-0.613
CONT	84	90	5.137	1.605	0.979
CONT_BURIAL	84	90	3.774	3.469	1.393
CONT_BOTH	84	90	8.911	5.074	1.033
CONT	84	91	0.475	3.317	-1.329
CONT_BURIAL	84	91	3.547	3.559	-0.055
CONT_BOTH	84	91	4.022	6.876	-1.368
CONT	84	92	0.901	2.837	-0.985
CONT_BURIAL	84	92	3.849	3.556	1.284
CONT_BOTH	84	92	4.750	6.393	-0.910
CONT	84	93	2.439	4.744	-0.478
CONT_BURIAL	84	93	3.764	3.547	0.939
CONT_BOTH	84	93	6.204	8.291	-0.450
CONT	84	117	3.648	4.256	-0.264
CONT_BURIAL	84	117	3.790	3.556	1.032
CONT_BOTH	84	117	7.439	7.812	-0.174
CONT	84	118	2.355	2.798	-0.211
CONT_BURIAL	84	118	3.841	3.548	1.243
CONT_BOTH	84	118	6.196	6.346	-0.076
CONT	84	119	-1.560	1.778	-1.174
CONT_BURIAL	84	119	3.634	3.497	0.836
CONT_BOTH	84	119	2.074	5.275	-1.143
CONT	84	120	1.906	1.919	-0.007
CONT_BURIAL	84	120	2.901	2.690	1.176
CONT_BOTH	84	120	4.808	4.609	0.109
CONT	85	87	1.671	2.207	-0.247
CONT_BURIAL	85	87	2.612	2.665	-0.285
CONT_BOTH	85	87	4.283	4.872	-0.294
CONT	85	88	0.934	0.739	0.172
CONT_BURIAL	85	88	1.903	1.775	1.095
CONT_BOTH	85	88	2.837	2.513	0.297
CONT	85	90	4.188	0.032	1.263
CONT_BURIAL	85	90	2.802	2.595	1.350
CONT_BOTH	85	90	6.989	2.627	1.282
CONT	85	119	-1.924	0.373	-0.941
CONT_BURIAL	85	119	2.661	2.619	0.502
CONT_BOTH	85	119	0.738	2.992	-0.927
CONT	86	88	3.094	2.787	0.232
CONT_BURIAL	86	88	1.919	1.786	1.131
CONT_BOTH	86	88	5.013	4.572	0.348
CONT	86	90	6.368	1.911	1.275
CONT_BURIAL	86	90	2.818	2.576	1.541
CONT_BOTH	86	90	9.185	4.487	1.300
CONT	87	89	4.683	4.699	-0.005
CONT_BURIAL	87	89	3.543	3.550	-0.029
CONT_BOTH	87	89	8.226	8.249	-0.008
CONT	87	90	5.363	1.742	0.965
CONT_BURIAL	87	90	3.527	3.437	0.431
CONT_BOTH	87	90	8.890	5.180	0.981
CONT	87	93	3.342	4.672	-0.318
CONT_BURIAL	87	93	3.517	3.568	-0.219
CONT_BOTH	87	93	6.859	8.240	-0.347
CONT	87	119	-0.834	2.067	-0.954
CONT_BURIAL	87	119	3.386	3.497	-0.657
CONT_BOTH	87	119	2.552	5.564	-1.024
CONT	88	90	5.133	0.963	1.232
CONT_BURIAL	88	90	2.818	2.581	1.494
CONT_BOTH	88	90	7.951	3.543	1.252
CONT	88	91	0.950	2.528	-1.087
CONT_BURIAL	88	91	2.591	2.679	-0.492
CONT_BOTH	88	91	3.541	5.207	-1.113
CONT	88	119	-1.053	1.344	-1.014
CONT_BURIAL	88	119	2.677	2.623	0.664
CONT_BOTH	88	119	1.624	3.966	-0.991
CONT	89	91	3.121	4.287	-0.468
CONT_BURIAL	89	91	3.506	3.567	-0.269
CONT_BOTH	89	91	6.627	7.854	-0.514
CONT	89	119	1.363	2.911	-0.465
CONT_BURIAL	89	119	3.593	3.505	0.527
CONT_BOTH	89	119	4.955	6.416	-0.451
CONT	90	92	4.747	1.415	0.969
CONT_BURIAL	90	92	3.792	3.467	1.528
CONT_BOTH	90	92	8.539	4.882	1.031
CONT	90	93	5.401	2.581	0.583
CONT_BURIAL	90	93	3.707	3.448	1.225
CONT_BOTH	90	93	9.108	6.028	0.640
CONT	90	118	6.169	1.369	1.462
CONT_BURIAL	90	118	3.784	3.461	1.553
CONT_BOTH	90	118	9.953	4.830	1.502
CONT	90	119	2.488	0.609	0.483
CONT_BURIAL	90	119	3.576	3.423	1.137
CONT_BOTH	90	119	6.065	4.032	0.507
CONT	91	93	1.196	4.412	-0.795
CONT_BURIAL	91	93	3.480	3.554	-0.303
CONT_BOTH	91	93	4.677	7.965	-0.847
CONT	91	118	1.705	3.113	-0.921
CONT_BURIAL	91	118	3.557	3.561	-0.017
CONT_BOTH	91	118	5.262	6.674	-0.906
CONT	91	119	-1.676	2.261	-1.685
CONT_BURIAL	91	119	3.350	3.492	-0.861
CONT_BOTH	91	119	1.674	5.753	-1.738
CONT	92	94	2.643	4.118	-0.764
CONT_BURIAL	92	94	3.900	3.559	1.469
CONT_BOTH	92	94	6.543	7.677	-0.642
CONT	92	116	1.704	2.429	-0.610
CONT_BURIAL	92	116	3.468	3.540	-0.327
CONT_BOTH	92	116	5.171	5.970	-0.676
CONT	92	117	2.568	3.117	-0.315
CONT_BURIAL	92	117	3.808	3.538	1.123
CONT_BOTH	92	117	6.376	6.655	-0.179
CONT	92	118	3.151	3.285	-0.094
CONT_BURIAL	92	118	3.859	3.548	1.403
CONT_BOTH	92	118	7.010	6.833	0.135
CONT	92	119	-0.916	2.603	-1.286
CONT_BURIAL	92	119	3.652	3.504	0.876
CONT_BOTH	92	119	2.736	6.107	-1.260
CONT	93	95	10.451	3.969	0.990
CONT_BURIAL	93	95	3.707	3.453	1.177
CONT_BOTH	93	95	14.158	7.422	1.024
CONT	93	115	7.922	3.237	0.971
CONT_BURIAL	93	115	3.555	3.511	0.272
CONT_BOTH	93	115	11.476	6.747	1.005
CONT	93	116	2.375	3.474	-0.277
CONT_BURIAL	93	116	3.383	3.561	-0.804
CONT_BOTH	93	116	5.758	7.035	-0.332
CONT	93	117	4.657	4.633	0.006
CONT_BURIAL	93	117	3.723	3.559	0.716
CONT_BOTH	93	117	8.381	8.192	0.048
CONT	93	118	3.520	3.690	-0.040
CONT_BURIAL	93	118	3.774	3.558	0.951
CONT_BOTH	93	118	7.294	7.248	0.011
CONT	93	119	-0.504	2.817	-0.701
CONT_BURIAL	93	119	3.567	3.520	0.291
CONT_BOTH	93	119	3.063	6.337	-0.710
CONT	94	96	4.230	4.769	-0.248
CONT_BURIAL	94	96	3.488	3.229	1.208
CONT_BOTH	94	96	7.717	7.998	-0.140
CONT	94	114	3.252	4.479	-0.610
CONT_BURIAL	94	114	3.445	3.128	1.541
CONT_BOTH	94	114	6.696	7.606	-0.488
CONT	94	115	9.546	3.923	1.512
CONT_BURIAL	94	115	3.672	3.510	1.017
CONT_BOTH	94	115	13.218	7.433	1.567
CONT	94	116	4.610	4.032	0.298
CONT_BURIAL	94	116	3.500	3.541	-0.175
CONT_BOTH	94	116	8.109	7.574	0.281
CONT	94	117	5.387	4.554	0.411
CONT_BURIAL	94	117	3.841	3.549	1.208
CONT_BOTH	94	117	9.228	8.103	0.605
CONT	95	97	16.655	3.212	1.911
CONT_BURIAL	95	97	2.953	2.349	1.660
CONT_BOTH	95	97	19.608	5.561	1.916
CONT	95	113	15.152	2.731	1.968
CONT_BURIAL	95	113	3.708	3.381	1.759
CONT_BOTH	95	113	18.859	6.112	1.964
CONT	95	114	10.384	4.118	1.073
CONT_BURIAL	95	114	3.337	3.035	1.597
CONT_BOTH	95	114	13.720	7.153	1.103
CONT	95	115	14.513	2.828	1.932
CONT_BURIAL	95	115	3.564	3.428	0.990
CONT_BOTH	95	115	18.077	6.256	1.921
CONT	95	116	9.291	3.575	0.995
CONT_BURIAL	95	116	3.392	3.489	-0.447
CONT_BOTH	95	116	12.684	7.064	0.951
CONT	95	117	11.869	3.635	1.435
CONT_BURIAL	95	117	3.733	3.481	1.160
CONT_BOTH	95	117	15.602	7.116	1.445
CONT	96	98	2.829	4.248	-0.549
CONT_BURIAL	96	98	3.370	3.215	0.755
CONT_BOTH	96	98	6.200	7.463	-0.523
CONT	96	112	1.042	1.627	-0.268
CONT_BURIAL	96	112	3.140	3.127	0.067
CONT_BOTH	96	112	4.182	4.755	-0.261
CONT	96	113	8.475	2.857	1.326
CONT_BURIAL	96	113	3.371	3.125	1.205
CONT_BOTH	96	113	11.846	5.982	1.349
CONT	96	114	2.863	4.018	-0.657
CONT_BURIAL	96	114	3.000	2.805	1.071
CONT_BOTH	96	114	5.863	6.823	-0.596
CONT	96	115	8.122	2.804	1.359
CONT_BURIAL	96	115	3.227	3.187	0.317
CONT_BOTH	96	115	11.350	5.991	1.382
CONT	97	99	9.031	3.329	1.027
CONT_BURIAL	97	99	3.061	2.444	1.667
CONT_BOTH	97	99	12.091	5.773	1.095
CONT	97	112	7.721	0.291	1.434
CONT_BURIAL	97	112	2.713	2.318	1.093
CONT_BOTH	97	112	10.434	2.609	1.426
CONT	97	113	14.173	1.586	2.146
CONT_BURIAL	97	113	2.944	2.356	1.583
CONT_BOTH	97	113	17.117	3.942	2.129
CONT	97	114	9.689	3.092	1.241
CONT_BURIAL	97	114	2.573	2.026	1.439
CONT_BOTH	97	114	12.262	5.117	1.273
CONT	97	115	13.811	1.559	2.070
CONT_BURIAL	97	115	2.800	2.358	1.302
CONT_BOTH	97	115	16.612	3.917	2.061
CONT	98	100	2.588	3.681	-0.468
CONT_BURIAL	98	100	3.783	3.559	0.998
CONT_BOTH	98	100	6.371	7.240	-0.400
CONT	98	102	2.715	3.631	-0.423
CONT_BURIAL	98	102	2.818	2.668	0.891
CONT_BOTH	98	102	5.533	6.299	-0.374
CONT	98	109	2.485	2.859	-0.197
CONT_BURIAL	98	109	2.825	2.669	0.891
CONT_BOTH	98	109	5.310	5.528	-0.121
CONT	98	110	1.465	2.053	-0.299
CONT_BURIAL	98	110	2.786	2.690	0.546
CONT_BOTH	98	110	4.251	4.744	-0.267
CONT	98	111	3.201	2.656	0.251
CONT_BURIAL	98	111	2.640	2.693	-0.281
CONT_BOTH	98	111	5.841	5.349	0.240
CONT	98	112	1.044	1.922	-0.358
CONT_BURIAL	98	112	3.467	3.460	0.033
CONT_BOTH	98	112	4.511	5.383	-0.357
CONT	98	113	8.201	3.257	1.137
CONT_BURIAL	98	113	3.698	3.452	1.146
CONT_BOTH	98	113	11.899	6.709	1.169
CONT	98	114	2.588	3.900	-0.554
CONT_BURIAL	98	114	3.327	3.137	0.886
CONT_BOTH	98	114	5.916	7.037	-0.509
CONT	99	101	0.947	3.266	-0.856
CONT_BURIAL	99	101	3.882	3.536	1.473
CONT_BOTH	99	101	4.829	6.803	-0.784
CONT	99	102	1.858	3.985	-0.826
CONT_BURIAL	99	102	2.935	2.655	1.556
CONT_BOTH	99	102	4.793	6.640	-0.763
CONT	99	103	1.274	3.286	-0.789
CONT_BURIAL	99	103	3.898	3.558	1.499
CONT_BOTH	99	103	5.172	6.845	-0.703
CONT	99	104	1.716	2.114	-0.170
CONT_BURIAL	99	104	2.743	2.656	0.487
CONT_BOTH	99	104	4.459	4.770	-0.142
CONT	99	110	0.763	2.854	-0.791
CONT_BURIAL	99	110	2.903	2.665	1.267
CONT_BOTH	99	110	3.666	5.519	-0.748
CONT	99	111	3.087	3.040	0.019
CONT_BURIAL	99	111	2.757	2.691	0.370
CONT_BOTH	99	111	5.844	5.731	0.049
CONT	99	112	0.373	2.334	-0.693
CONT_BURIAL	99	112	3.585	3.458	0.583
CONT_BOTH	99	112	3.958	5.793	-0.657
CONT	99	113	7.432	3.112	0.908
CONT_BURIAL	99	113	3.815	3.466	1.684
CONT_BOTH	99	113	11.247	6.578	0.971
CONT	100	102	1.925	2.218	-0.154
CONT_BURIAL	100	102	2.903	2.676	1.240
CONT_BOTH	100	102	4.827	4.894	-0.038
CONT	100	108	1.434	2.158	-0.633
CONT_BURIAL	100	108	2.768	2.705	0.362
CONT_BOTH	100	108	4.202	4.862	-0.604
CONT	100	109	2.094	1.638	0.321
CONT_BURIAL	100	109	2.910	2.685	1.281
CONT_BOTH	100	109	5.003	4.323	0.515
CONT	100	110	1.465	1.438	0.018
CONT_BURIAL	100	110	2.871	2.678	1.055
CONT_BOTH	100	110	4.336	4.115	0.158
CONT	100	111	2.872	1.069	1.158
CONT_BURIAL	100	111	2.725	2.687	0.203
CONT_BOTH	100	111	5.597	3.756	1.259
CONT	100	112	0.538	0.659	-0.060
CONT_BURIAL	100	112	3.552	3.473	0.367
CONT_BOTH	100	112	4.091	4.132	-0.021
CONT	101	103	1.393	2.011	-0.482
CONT_BURIAL	101	103	3.847	3.572	1.255
CONT_BOTH	101	103	5.241	5.583	-0.289
CONT	101	104	1.813	0.813	0.920
CONT_BURIAL	101	104	2.693	2.661	0.187
CONT_BOTH	101	104	4.506	3.474	1.013
CONT	101	108	0.935	2.484	-1.485
CONT_BURIAL	101	108	2.750	2.664	0.450
CONT_BOTH	101	108	3.685	5.148	-1.501
CONT	101	110	0.444	1.031	-0.521
CONT_BURIAL	101	110	2.853	2.663	1.051
CONT_BOTH	101	110	3.297	3.694	-0.391
CONT	101	111	2.610	1.457	0.830
CONT_BURIAL	101	111	2.707	2.708	-0.007
CONT_BOTH	101	111	5.317	4.165	0.901
CONT	102	104	3.033	1.917	0.793
CONT_BURIAL	102	104	1.746	1.781	-0.306
CONT_BOTH	102	104	4.780	3.698	0.804
CONT	102	108	1.449	2.777	-0.887
CONT_BURIAL	102	108	1.803	1.783	0.176
CONT_BOTH	102	108	3.252	4.560	-0.913
CONT	102	110	0.724	1.422	-0.460
CONT_BURIAL	102	110	1.906	1.782	1.142
CONT_BOTH	102	110	2.631	3.204	-0.399
CONT	102	111	3.486	2.481	0.603
CONT_BURIAL	102	111	1.760	1.809	-0.398
CONT_BOTH	102	111	5.246	4.290	0.605
CONT	102	112	0.608	1.194	-0.278
CONT_BURIAL	102	112	2.588	2.579	0.054
CONT_BOTH	102	112	3.195	3.773	-0.268
CONT	103	105	1.665	1.560	0.112
CONT_BURIAL	103	105	2.898	2.671	1.222
CONT_BOTH	103	105	4.562	4.231	0.366
CONT	104	106	1.478	0.355	1.022
CONT_BURIAL	104	106	1.715	1.764	-0.441
CONT_BOTH	104	106	3.193	2.119	1.067
CONT	104	108	0.800	1.364	-0.685
CONT_BURIAL	104	108	1.612	1.774	-1.434
CONT_BOTH	104	108	2.412	3.139	-0.896
CONT	104	110	0.989	-0.221	1.446
CONT_BURIAL	104	110	1.715	1.795	-0.714
CONT_BOTH	104	110	2.704	1.575	1.415
CONT	104	111	2.475	0.143	2.039
CONT_BURIAL	104	111	1.568	1.805	-2.022
CONT_BOTH	104	111	4.043	1.948	1.925
CONT	105	107	1.372	0.791	1.205
CONT_BURIAL	105	107	1.887	1.784	0.906
CONT_BOTH	105	107	3.260	2.575	1.273
CONT	106	108	-0.129	1.324	-1.236
CONT_BURIAL	106	108	1.771	1.770	0.012
CONT_BOTH	106	108	1.643	3.094	-1.327
CONT	107	109	1.582	1.256	0.500
CONT_BURIAL	107	109	1.897	1.781	1.033
CONT_BOTH	107	109	3.479	3.037	0.662
CONT	108	110	-0.497	1.082	-1.720
CONT_BURIAL	108	110	1.771	1.765	0.058
CONT_BOTH	108	110	1.275	2.847	-1.799
CONT	108	111	1.353	1.670	-0.284
CONT_BURIAL	108	111	1.625	1.811	-1.602
CONT_BOTH	108	111	2.978	3.481	-0.458
CONT	109	111	2.867	1.022	1.336
CONT_BURIAL	109	111	1.767	1.802	-0.309
CONT_BOTH	109	111	4.634	2.824	1.334
CONT	110	112	-0.871	-0.531	-0.203
CONT_BURIAL	110	112	2.556	2.563	-0.049
CONT_BOTH	110	112	1.685	2.032	-0.196
CONT	111	113	7.999	1.131	1.815
CONT_BURIAL	111	113	2.640	2.613	0.169
CONT_BOTH	111	113	10.640	3.744	1.764
CONT	112	114	0.635	1.260	-0.326
CONT_BURIAL	112	114	3.097	3.037	0.322
CONT_BOTH	112	114	3.732	4.297	-0.288
CONT	113	115	12.269	1.708	2.111
CONT_BURIAL	113	115	3.555	3.419	0.993
CONT_BOTH	113	115	15.825	5.127	2.098
CONT	114	116	2.065	2.450	-0.309
CONT_BURIAL	114	116	3.012	3.141	-0.627
CONT_BOTH	114	116	5.077	5.592	-0.417
CONT	115	117	9.430	3.006	1.737
CONT_BURIAL	115	117	3.580	3.526	0.340
CONT_BOTH	115	117	13.010	6.532	1.765
CONT	116	118	2.923	2.122	0.672
CONT_BURIAL	116	118	3.459	3.568	-0.464
CONT_BOTH	116	118	6.382	5.690	0.535
CONT	117	119	0.780	2.296	-0.642
CONT_BURIAL	117	119	3.593	3.495	0.595
CONT_BOTH	117	119	4.372	5.792	-0.605
CONT	117	120	4.181	2.239	1.436
CONT_BURIAL	117	120	2.860	2.668	1.035
CONT_BOTH	117	120	7.041	4.907	1.698
CONT	118	120	2.987	1.878	1.039
CONT_BURIAL	118	120	2.911	2.656	1.426
CONT_BOTH	118	120	5.898	4.534	1.272
